0, 0000000000000000000110010001101000000000000000010000000000000000, 000000000000000000000000000000011
1, 0000000000000000000101110000000100000000000000010000000000000000, 000000000000000000000000000000010
2, 0000000000000000000101111101011100000000000000010000000000000000, 000000000000000000000000000000010
3, 0000000000000000000110011110111000000000000000010000000000000000, 000000000000000000000000000000010
4, 0000000000000000000111111100100000000000000000010000000000000000, 000000000000000000000000000000010
5, 0000000000000000000111110111001000000000000000010000000000000000, 000000000000000000000000000000010
6, 0000000000000000000101110010100100000000000000010000000000000000, 000000000000000000000000000000010
7, 0000000000000000000110010010110000000000000000010000000000000000, 000000000000000000000000000000010
8, 0000000000000000001000001010011000000000000000010000000000000000, 000000000000000000000000000000010
9, 0000000000000000000111000010111000000000000000010000000000000000, 000000000000000000000000000000010
10, 0000000000000000000110010001101100000000000000010000000000000000, 000000000000000000000000000000010
11, 0000000000000000000111110001110100000000000000010000000000000000, 000000000000000000000000000000010
12, 0000000000000000000101011111101000000000000000010000000000000000, 000000000000000000000000000000010
13, 0000000000000000000110101101101100000000000000010000000000000000, 000000000000000000000000000000010
14, 0000000000000000000110100000110100000000000000010000000000000000, 000000000000000000000000000000010
15, 0000000000000000000101101110101100000000000000010000000000000000, 000000000000000000000000000000010
16, 0000000000000000000110100010101000000000000000010000000000000000, 000000000000000000000000000000010
17, 0000000000000000000111001010010100000000000000010000000000000000, 000000000000000000000000000000010
18, 0000000000000000000110100111000100000000000000010000000000000000, 000000000000000000000000000000010
19, 0000000000000000000111100110001100000000000000010000000000000000, 000000000000000000000000000000010
20, 0000000000000000000111101000101000000000000000010000000000000000, 000000000000000000000000000000010
21, 0000000000000000000111101010010100000000000000010000000000000000, 000000000000000000000000000000010
22, 0000000000000000000111110010111100000000000000010000000000000000, 000000000000000000000000000000010
23, 0000000000000000000101111111011100000000000000010000000000000000, 000000000000000000000000000000010
24, 0000000000000000000111001000001000000000000000010000000000000000, 000000000000000000000000000000010
25, 0000000000000000000110111100100000000000000000010000000000000000, 000000000000000000000000000000010
26, 0000000000000000000101101011100000000000000000010000000000000000, 000000000000000000000000000000010
27, 0000000000000000000110100110111100000000000000010000000000000000, 000000000000000000000000000000010
28, 0000000000000000000110100100000000000000000000010000000000000000, 000000000000000000000000000000010
29, 0000000000000000000110001110100000000000000000010000000000000000, 000000000000000000000000000000010
30, 0000000000000000000111100111010100000000000000010000000000000000, 000000000000000000000000000000010
31, 0000000000000000000111000001111100000000000000010000000000000000, 000000000000000000000000000000010
32, 0000000000000000000111010000011100000000000000010000000000000000, 000000000000000000000000000000010
33, 0000000000000000000110010011011000000000000000010000000000000000, 000000000000000000000000000000010
34, 0000000000000000000111110111000100000000000000010000000000000000, 000000000000000000000000000000010
35, 0000000000000000001000001100111000000000000000010000000000000000, 000000000000000000000000000000010
36, 0000000000000000000110010110011100000000000000010000000000000000, 000000000000000000000000000000010
37, 0000000000000000000101110010010100000000000000010000000000000000, 000000000000000000000000000000010
38, 0000000000000000000111010110001000000000000000010000000000000000, 000000000000000000000000000000010
39, 0000000000000000000111000100011100000000000000010000000000000000, 000000000000000000000000000000010
40, 0000000000000000000101110110001100000000000000010000000000000000, 000000000000000000000000000000010
41, 0000000000000000000101111011000100000000000000010000000000000000, 000000000000000000000000000000010
42, 0000000000000000001000010001110000000000000000010000000000000000, 000000000000000000000000000000010
43, 0000000000000000000111110001100000000000000000010000000000000000, 000000000000000000000000000000010
44, 0000000000000000001000000010111100000000000000010000000000000000, 000000000000000000000000000000010
45, 0000000000000000000110110111010100000000000000010000000000000000, 000000000000000000000000000000010
46, 0000000000000000000110100111110100000000000000010000000000000000, 000000000000000000000000000000010
47, 0000000000000000000110000111000000000000000000010000000000000000, 000000000000000000000000000000010
48, 0000000000000000000101101101011100000000000000010000000000000000, 000000000000000000000000000000010
49, 0000000000000000000111101000100100000000000000010000000000000000, 000000000000000000000000000000010
50, 0000000000000000000111000100001000000000000000010000000000000000, 000000000000000000000000000000010
51, 0000000000000000000110110100000100000000000000010000000000000000, 000000000000000000000000000000010
52, 0000000000000000000111010100011000000000000000010000000000000000, 000000000000000000000000000000010
53, 0000000000000000000101111101011100000000000000010000000000000000, 000000000000000000000000000000010
54, 0000000000000000000110001000111100000000000000010000000000000000, 000000000000000000000000000000010
55, 0000000000000000000101110010110100000000000000010000000000000000, 000000000000000000000000000000010
56, 0000000000000000000101110011000100000000000000010000000000000000, 000000000000000000000000000000010
57, 0000000000000000000110000101010000000000000000010000000000000000, 000000000000000000000000000000010
58, 0000000000000000000111110100010000000000000000010000000000000000, 000000000000000000000000000000010
59, 0000000000000000000111011001011000000000000000010000000000000000, 000000000000000000000000000000010
60, 0000000000000000001000000011100100000000000000010000000000000000, 000000000000000000000000000000010
61, 0000000000000000000111111010101000000000000000010000000000000000, 000000000000000000000000000000010
62, 0000000000000000000110010000010100000000000000010000000000000000, 000000000000000000000000000000010
63, 0000000000000000000110110111010100000000000000010000000000000000, 000000000000000000000000000000010
64, 0000000000000000000111000110110000000000000000010000000000000000, 000000000000000000000000000000010
65, 0000000000000000000110000110000000000000000000010000000000000000, 000000000000000000000000000000010
66, 0000000000000000001000001100000100000000000000010000000000000000, 000000000000000000000000000000010
67, 0000000000000000000111011111110100000000000000010000000000000000, 000000000000000000000000000000010
68, 0000000000000000000111011101110100000000000000010000000000000000, 000000000000000000000000000000010
69, 0000000000000000000111000100000000000000000000010000000000000000, 000000000000000000000000000000010
70, 0000000000000000000101100101100000000000000000010000000000000000, 000000000000000000000000000000010
71, 0000000000000000000110011010001000000000000000010000000000000000, 000000000000000000000000000000010
72, 0000000000000000000111100110010000000000000000010000000000000000, 000000000000000000000000000000010
73, 0000000000000000001000001110000000000000000000010000000000000000, 000000000000000000000000000000010
74, 0000000000000000000101101000010000000000000000010000000000000000, 000000000000000000000000000000011
75, 0000000000000000000111111101000000000000000000010000000000000000, 000000000000000000000000000000010
76, 0000000000000000001000000111000100000000000000010000000000000000, 000000000000000000000000000000010
77, 0000000000000000000101110001011000000000000000010000000000000000, 000000000000000000000000000000010
78, 0000000000000000000110111111111000000000000000010000000000000000, 000000000000000000000000000000010
79, 0000000000000000000101110100110100000000000000010000000000000000, 000000000000000000000000000000010
80, 0000000000000000000110010110101100000000000000010000000000000000, 000000000000000000000000000000010
81, 0000000000000000000111100101110100000000000000010000000000000000, 000000000000000000000000000000010
82, 0000000000000000000110010001011000000000000000010000000000000000, 000000000000000000000000000000010
83, 0000000000000000000110110100011000000000000000010000000000000000, 000000000000000000000000000000010
84, 0000000000000000000111111001111100000000000000010000000000000000, 000000000000000000000000000000010
85, 0000000000000000000110110100100100000000000000010000000000000000, 000000000000000000000000000000010
86, 0000000000000000000110000010010100000000000000010000000000000000, 000000000000000000000000000000010
87, 0000000000000000000111101101000000000000000000010000000000000000, 000000000000000000000000000000010
88, 0000000000000000000101100101011000000000000000010000000000000000, 000000000000000000000000000000010
89, 0000000000000000000111101010101100000000000000010000000000000000, 000000000000000000000000000000010
90, 0000000000000000000101110010111100000000000000010000000000000000, 000000000000000000000000000000010
91, 0000000000000000000111001101101000000000000000010000000000000000, 000000000000000000000000000000010
92, 0000000000000000000110101011110000000000000000010000000000000000, 000000000000000000000000000000010
93, 0000000000000000000110101011000100000000000000010000000000000000, 000000000000000000000000000000010
94, 0000000000000000000110100011111100000000000000010000000000000000, 000000000000000000000000000000010
95, 0000000000000000000110100001010000000000000000010000000000000000, 000000000000000000000000000000010
96, 0000000000000000000101111101111100000000000000010000000000000000, 000000000000000000000000000000010
97, 0000000000000000000110001001100100000000000000010000000000000000, 000000000000000000000000000000010
98, 0000000000000000000111101010100000000000000000010000000000000000, 000000000000000000000000000000010
99, 0000000000000000000111011000101000000000000000010000000000000000, 000000000000000000000000000000010
100, 0000000000000000001000000011110100000000000000010000000000000000, 000000000000000000000000000000010
101, 0000000000000000000111000110010100000000000000010000000000000000, 000000000000000000000000000000010
102, 0000000000000000000110000110001100000000000000010000000000000000, 000000000000000000000000000000010
103, 0000000000000000000111100000110000000000000000010000000000000000, 000000000000000000000000000000010
104, 0000000000000000000111000000111100000000000000010000000000000000, 000000000000000000000000000000010
105, 0000000000000000000110011001001100000000000000010000000000000000, 000000000000000000000000000000010
106, 0000000000000000000110010101011100000000000000010000000000000000, 000000000000000000000000000000010
107, 0000000000000000000111010100010000000000000000010000000000000000, 000000000000000000000000000000010
108, 0000000000000000001000000000110000000000000000010000000000000000, 000000000000000000000000000000010
109, 0000000000000000000110001000111100000000000000010000000000000000, 000000000000000000000000000000010
110, 0000000000000000000110011100111000000000000000010000000000000000, 000000000000000000000000000000010
111, 0000000000000000000110000101001100000000000000010000000000000000, 000000000000000000000000000000010
112, 0000000000000000000110110111111000000000000000010000000000000000, 000000000000000000000000000000010
113, 0000000000000000000110100110010100000000000000010000000000000000, 000000000000000000000000000000010
114, 0000000000000000000110010111001000000000000000010000000000000000, 000000000000000000000000000000010
115, 0000000000000000000111011110101000000000000000010000000000000000, 000000000000000000000000000000010
116, 0000000000000000000111101100101100000000000000010000000000000000, 000000000000000000000000000000010
117, 0000000000000000000110000011111000000000000000010000000000000000, 000000000000000000000000000000010
118, 0000000000000000000110011001011000000000000000010000000000000000, 000000000000000000000000000000010
119, 0000000000000000000111101001010100000000000000010000000000000000, 000000000000000000000000000000010
120, 0000000000000000000111000110011100000000000000010000000000000000, 000000000000000000000000000000010
121, 0000000000000000000110010100101000000000000000010000000000000000, 000000000000000000000000000000010
122, 0000000000000000001000000110001100000000000000010000000000000000, 000000000000000000000000000000010
123, 0000000000000000000110010100101000000000000000010000000000000000, 000000000000000000000000000000010
124, 0000000000000000000110000110000100000000000000010000000000000000, 000000000000000000000000000000010
125, 0000000000000000000111111001000000000000000000010000000000000000, 000000000000000000000000000000010
126, 0000000000000000000101101001011000000000000000010000000000000000, 000000000000000000000000000000010
127, 0000000000000000000111011001001100000000000000010000000000000000, 000000000000000000000000000000010
128, 0000000000000000000110101111011100000000000000010000000000000000, 000000000000000000000000000000010
129, 0000000000000000000111001100010100000000000000010000000000000000, 000000000000000000000000000000010
130, 0000000000000000000111000101001000000000000000010000000000000000, 000000000000000000000000000000010
131, 0000000000000000000111111110101100000000000000010000000000000000, 000000000000000000000000000000010
132, 0000000000000000000111101110010000000000000000010000000000000000, 000000000000000000000000000000010
133, 0000000000000000000110110001101000000000000000010000000000000000, 000000000000000000000000000000010
134, 0000000000000000000110001001100100000000000000010000000000000000, 000000000000000000000000000000010
135, 0000000000000000000110001101111100000000000000010000000000000000, 000000000000000000000000000000010
136, 0000000000000000001000000001011100000000000000010000000000000000, 000000000000000000000000000000010
137, 0000000000000000000111100010110100000000000000010000000000000000, 000000000000000000000000000000010
138, 0000000000000000000111010100110000000000000000010000000000000000, 000000000000000000000000000000010
139, 0000000000000000000101011110110100000000000000010000000000000000, 000000000000000000000000000000010
140, 0000000000000000000110001111011100000000000000010000000000000000, 000000000000000000000000000000010
141, 0000000000000000000110001010110100000000000000010000000000000000, 000000000000000000000000000000010
142, 0000000000000000000110100011011100000000000000010000000000000000, 000000000000000000000000000000010
143, 0000000000000000000111001110000000000000000000010000000000000000, 000000000000000000000000000000010
144, 0000000000000000000111001000101100000000000000010000000000000000, 000000000000000000000000000000010
145, 0000000000000000000110010001011000000000000000010000000000000000, 000000000000000000000000000000010
146, 0000000000000000000111001001011000000000000000010000000000000000, 000000000000000000000000000000010
147, 0000000000000000000111100100111100000000000000010000000000000000, 000000000000000000000000000000010
148, 0000000000000000000110011000101000000000000000010000000000000000, 000000000000000000000000000000010
149, 0000000000000000000101111100111100000000000000010000000000000000, 000000000000000000000000000000010
150, 0000000000000000000101101010011000000000000000010000000000000000, 000000000000000000000000000000010
151, 0000000000000000000110010111001100000000000000010000000000000000, 000000000000000000000000000000010
152, 0000000000000000000111100100001000000000000000010000000000000000, 000000000000000000000000000000010
153, 0000000000000000000111000000011000000000000000010000000000000000, 000000000000000000000000000000010
154, 0000000000000000000111010100000000000000000000010000000000000000, 000000000000000000000000000000010
155, 0000000000000000000110001010001100000000000000010000000000000000, 000000000000000000000000000000010
156, 0000000000000000000111101101100000000000000000010000000000000000, 000000000000000000000000000000010
157, 0000000000000000000110010100101100000000000000010000000000000000, 000000000000000000000000000000010
158, 0000000000000000000110001100010100000000000000010000000000000000, 000000000000000000000000000000010
159, 0000000000000000000110000100111100000000000000010000000000000000, 000000000000000000000000000000010
160, 0000000000000000000110000100011000000000000000010000000000000000, 000000000000000000000000000000010
161, 0000000000000000000110000010100100000000000000010000000000000000, 000000000000000000000000000000010
162, 0000000000000000001000000001100000000000000000010000000000000000, 000000000000000000000000000000010
163, 0000000000000000000101111000101100000000000000010000000000000000, 000000000000000000000000000000010
164, 0000000000000000000111110000011000000000000000010000000000000000, 000000000000000000000000000000010
165, 0000000000000000000111010110101100000000000000010000000000000000, 000000000000000000000000000000010
166, 0000000000000000000111001111010000000000000000010000000000000000, 000000000000000000000000000000010
167, 0000000000000000000110000110010000000000000000010000000000000000, 000000000000000000000000000000010
168, 0000000000000000000110010100111000000000000000010000000000000000, 000000000000000000000000000000010
169, 0000000000000000000111011001000100000000000000010000000000000000, 000000000000000000000000000000010
170, 0000000000000000000110010001000100000000000000010000000000000000, 000000000000000000000000000000010
171, 0000000000000000000111010111111100000000000000010000000000000000, 000000000000000000000000000000010
172, 0000000000000000001000000010100100000000000000010000000000000000, 000000000000000000000000000000010
173, 0000000000000000000111110110000000000000000000010000000000000000, 000000000000000000000000000000010
174, 0000000000000000000110101111100100000000000000010000000000000000, 000000000000000000000000000000010
175, 0000000000000000000110000011101000000000000000010000000000000000, 000000000000000000000000000000010
176, 0000000000000000000110111011100000000000000000010000000000000000, 000000000000000000000000000000010
177, 0000000000000000000110101011011100000000000000010000000000000000, 000000000000000000000000000000010
178, 0000000000000000000110100111000000000000000000010000000000000000, 000000000000000000000000000000010
179, 0000000000000000000101101111000100000000000000010000000000000000, 000000000000000000000000000000010
180, 0000000000000000000110000111110100000000000000010000000000000000, 000000000000000000000000000000010
181, 0000000000000000000110011010100000000000000000010000000000000000, 000000000000000000000000000000010
182, 0000000000000000000101110110101000000000000000010000000000000000, 000000000000000000000000000000010
183, 0000000000000000000101111011010000000000000000010000000000000000, 000000000000000000000000000000010
184, 0000000000000000000111111101101000000000000000010000000000000000, 000000000000000000000000000000010
185, 0000000000000000000101100101011100000000000000010000000000000000, 000000000000000000000000000000010
186, 0000000000000000000110011001000100000000000000010000000000000000, 000000000000000000000000000000010
187, 0000000000000000000111111001101000000000000000010000000000000000, 000000000000000000000000000000010
188, 0000000000000000000111001100110000000000000000010000000000000000, 000000000000000000000000000000010
189, 0000000000000000000101111001111000000000000000010000000000000000, 000000000000000000000000000000010
190, 0000000000000000000111100100011000000000000000010000000000000000, 000000000000000000000000000000010
191, 0000000000000000000110000001011000000000000000010000000000000000, 000000000000000000000000000000010
192, 0000000000000000000110010010110100000000000000010000000000000000, 000000000000000000000000000000010
193, 0000000000000000000101101100101100000000000000010000000000000000, 000000000000000000000000000000010
194, 0000000000000000000101111110100000000000000000010000000000000000, 000000000000000000000000000000010
195, 0000000000000000000110010100011000000000000000010000000000000000, 000000000000000000000000000000010
196, 0000000000000000000111101100100100000000000000010000000000000000, 000000000000000000000000000000010
197, 0000000000000000000111110011011000000000000000010000000000000000, 000000000000000000000000000000010
198, 0000000000000000000110000111011000000000000000010000000000000000, 000000000000000000000000000000010
199, 0000000000000000000110101110100100000000000000010000000000000000, 000000000000000000000000000000010
200, 0000000000000000000111011000010000000000000000010000000000000000, 000000000000000000000000000000010
201, 0000000000000000000111010001101100000000000000010000000000000000, 000000000000000000000000000000010
202, 0000000000000000000110111001100000000000000000010000000000000000, 000000000000000000000000000000010
203, 0000000000000000000111001100111000000000000000010000000000000000, 000000000000000000000000000000010
204, 0000000000000000001000001000100000000000000000010000000000000000, 000000000000000000000000000000010
205, 0000000000000000000101100000111000000000000000010000000000000000, 000000000000000000000000000000011
206, 0000000000000000000111101010110100000000000000010000000000000000, 000000000000000000000000000000010
207, 0000000000000000000110100010111100000000000000010000000000000000, 000000000000000000000000000000010
208, 0000000000000000000110111001110000000000000000010000000000000000, 000000000000000000000000000000010
209, 0000000000000000000110110001000100000000000000010000000000000000, 000000000000000000000000000000010
210, 0000000000000000000111001010011100000000000000010000000000000000, 000000000000000000000000000000010
211, 0000000000000000001000000101111100000000000000010000000000000000, 000000000000000000000000000000010
212, 0000000000000000000101111001010100000000000000010000000000000000, 000000000000000000000000000000010
213, 0000000000000000000110100101111000000000000000010000000000000000, 000000000000000000000000000000010
214, 0000000000000000000111011100100000000000000000010000000000000000, 000000000000000000000000000000010
215, 0000000000000000000111101010110100000000000000010000000000000000, 000000000000000000000000000000010
216, 0000000000000000000111011000100000000000000000010000000000000000, 000000000000000000000000000000010
217, 0000000000000000000111000110101000000000000000010000000000000000, 000000000000000000000000000000010
218, 0000000000000000000111100111110100000000000000010000000000000000, 000000000000000000000000000000010
219, 0000000000000000000111101011000100000000000000010000000000000000, 000000000000000000000000000000010
220, 0000000000000000000110001000111100000000000000010000000000000000, 000000000000000000000000000000010
221, 0000000000000000000110110101000000000000000000010000000000000000, 000000000000000000000000000000010
222, 0000000000000000000101100001111100000000000000010000000000000000, 000000000000000000000000000000010
223, 0000000000000000000111100010000000000000000000010000000000000000, 000000000000000000000000000000010
224, 0000000000000000000110011111100100000000000000010000000000000000, 000000000000000000000000000000010
225, 0000000000000000000110110100011100000000000000010000000000000000, 000000000000000000000000000000010
226, 0000000000000000000110011101010100000000000000010000000000000000, 000000000000000000000000000000010
227, 0000000000000000000111000000101000000000000000010000000000000000, 000000000000000000000000000000010
228, 0000000000000000000110011101100000000000000000010000000000000000, 000000000000000000000000000000010
229, 0000000000000000000111010101000000000000000000010000000000000000, 000000000000000000000000000000010
230, 0000000000000000000110111100110100000000000000010000000000000000, 000000000000000000000000000000010
231, 0000000000000000000110111101011000000000000000010000000000000000, 000000000000000000000000000000010
232, 0000000000000000000110111110011000000000000000010000000000000000, 000000000000000000000000000000010
233, 0000000000000000000110101010001100000000000000010000000000000000, 000000000000000000000000000000010
234, 0000000000000000000110000110101000000000000000010000000000000000, 000000000000000000000000000000010
235, 0000000000000000000111110001110000000000000000010000000000000000, 000000000000000000000000000000010
236, 0000000000000000000111100111111100000000000000010000000000000000, 000000000000000000000000000000010
237, 0000000000000000000101111101010000000000000000010000000000000000, 000000000000000000000000000000010
238, 0000000000000000000101100010010000000000000000010000000000000000, 000000000000000000000000000000010
239, 0000000000000000000111100001000100000000000000010000000000000000, 000000000000000000000000000000010
240, 0000000000000000000111111000100100000000000000010000000000000000, 000000000000000000000000000000010
241, 0000000000000000000110010100100000000000000000010000000000000000, 000000000000000000000000000000010
242, 0000000000000000000110101010111100000000000000010000000000000000, 000000000000000000000000000000010
243, 0000000000000000000110101100011000000000000000010000000000000000, 000000000000000000000000000000010
244, 0000000000000000000110110111100100000000000000010000000000000000, 000000000000000000000000000000010
245, 0000000000000000000110001010010100000000000000010000000000000000, 000000000000000000000000000000010
246, 0000000000000000000111000010101100000000000000010000000000000000, 000000000000000000000000000000010
247, 0000000000000000000110001111000000000000000000010000000000000000, 000000000000000000000000000000010
248, 0000000000000000000110110010000100000000000000010000000000000000, 000000000000000000000000000000010
249, 0000000000000000001000001100100000000000000000010000000000000000, 000000000000000000000000000000010
250, 0000000000000000000101110011000100000000000000010000000000000000, 000000000000000000000000000000010
251, 0000000000000000000110111111010100000000000000010000000000000000, 000000000000000000000000000000010
252, 0000000000000000000110000010111000000000000000010000000000000000, 000000000000000000000000000000010
253, 0000000000000000000111111001111000000000000000010000000000000000, 000000000000000000000000000000010
254, 0000000000000000000110010110101100000000000000010000000000000000, 000000000000000000000000000000010
255, 0000000000000000000110010110111000000000000000010000000000000000, 000000000000000000000000000000010
256, 0000000000000000001000010010010100000000000000010000000000000000, 000000000000000000000000000000010
257, 0000000000000000000111100111010100000000000000010000000000000000, 000000000000000000000000000000010
258, 0000000000000000000111110101001100000000000000010000000000000000, 000000000000000000000000000000010
259, 0000000000000000001000000111111000000000000000010000000000000000, 000000000000000000000000000000010
260, 0000000000000000000111111111001000000000000000010000000000000000, 000000000000000000000000000000010
261, 0000000000000000000111001111100100000000000000010000000000000000, 000000000000000000000000000000010
262, 0000000000000000000110000000101000000000000000010000000000000000, 000000000000000000000000000000010
263, 0000000000000000000111110110010000000000000000010000000000000000, 000000000000000000000000000000010
264, 0000000000000000001000001111100100000000000000010000000000000000, 000000000000000000000000000000010
265, 0000000000000000000101100001110000000000000000010000000000000000, 000000000000000000000000000000011
266, 0000000000000000000111001101000000000000000000010000000000000000, 000000000000000000000000000000010
267, 0000000000000000000111011100101100000000000000010000000000000000, 000000000000000000000000000000010
268, 0000000000000000000110010010101000000000000000010000000000000000, 000000000000000000000000000000010
269, 0000000000000000000111010100011100000000000000010000000000000000, 000000000000000000000000000000010
270, 0000000000000000000111010001111100000000000000010000000000000000, 000000000000000000000000000000010
271, 0000000000000000001000001000011100000000000000010000000000000000, 000000000000000000000000000000010
272, 0000000000000000000110000010001100000000000000010000000000000000, 000000000000000000000000000000010
273, 0000000000000000000110110000111000000000000000010000000000000000, 000000000000000000000000000000010
274, 0000000000000000000110011011100100000000000000010000000000000000, 000000000000000000000000000000010
275, 0000000000000000000110001001111100000000000000010000000000000000, 000000000000000000000000000000010
276, 0000000000000000001000010001100000000000000000010000000000000000, 000000000000000000000000000000010
277, 0000000000000000000111011100111100000000000000010000000000000000, 000000000000000000000000000000010
278, 0000000000000000000101101110101000000000000000010000000000000000, 000000000000000000000000000000010
279, 0000000000000000000111010001100100000000000000010000000000000000, 000000000000000000000000000000010
280, 0000000000000000000101111001101100000000000000010000000000000000, 000000000000000000000000000000010
281, 0000000000000000000111011001100100000000000000010000000000000000, 000000000000000000000000000000010
282, 0000000000000000000101011110100100000000000000010000000000000000, 000000000000000000000000000000010
283, 0000000000000000001000000100111100000000000000010000000000000000, 000000000000000000000000000000011
284, 0000000000000000000111000000110000000000000000010000000000000000, 000000000000000000000000000000010
285, 0000000000000000000111100000001000000000000000010000000000000000, 000000000000000000000000000000010
286, 0000000000000000000111011100001100000000000000010000000000000000, 000000000000000000000000000000010
287, 0000000000000000000101100111000100000000000000010000000000000000, 000000000000000000000000000000010
288, 0000000000000000001000001111010000000000000000010000000000000000, 000000000000000000000000000000011
289, 0000000000000000001000000101101100000000000000010000000000000000, 000000000000000000000000000000010
290, 0000000000000000000101100110001100000000000000010000000000000000, 000000000000000000000000000000010
291, 0000000000000000000111000111111100000000000000010000000000000000, 000000000000000000000000000000010
292, 0000000000000000000101101011000100000000000000010000000000000000, 000000000000000000000000000000010
293, 0000000000000000000111011101011100000000000000010000000000000000, 000000000000000000000000000000010
294, 0000000000000000000111000100000000000000000000010000000000000000, 000000000000000000000000000000010
295, 0000000000000000000111101100100000000000000000010000000000000000, 000000000000000000000000000000010
296, 0000000000000000000111001100101100000000000000010000000000000000, 000000000000000000000000000000010
297, 0000000000000000000101100000110000000000000000010000000000000000, 000000000000000000000000000000010
298, 0000000000000000000101111000001000000000000000010000000000000000, 000000000000000000000000000000010
299, 0000000000000000000110101000010000000000000000010000000000000000, 000000000000000000000000000000010
300, 0000000000000000000101011111100000000000000000010000000000000000, 000000000000000000000000000000010
301, 0000000000000000000110110011000100000000000000010000000000000000, 000000000000000000000000000000010
302, 0000000000000000000101111101010000000000000000010000000000000000, 000000000000000000000000000000010
303, 0000000000000000000110110011101000000000000000010000000000000000, 000000000000000000000000000000010
304, 0000000000000000000111011000001000000000000000010000000000000000, 000000000000000000000000000000010
305, 0000000000000000000101110110011100000000000000010000000000000000, 000000000000000000000000000000010
306, 0000000000000000000110110110111000000000000000010000000000000000, 000000000000000000000000000000010
307, 0000000000000000000111010100110100000000000000010000000000000000, 000000000000000000000000000000010
308, 0000000000000000000111111001110000000000000000010000000000000000, 000000000000000000000000000000010
309, 0000000000000000000110100111001000000000000000010000000000000000, 000000000000000000000000000000010
310, 0000000000000000000101111110000100000000000000010000000000000000, 000000000000000000000000000000010
311, 0000000000000000000110100100100100000000000000010000000000000000, 000000000000000000000000000000010
312, 0000000000000000000111111001101100000000000000010000000000000000, 000000000000000000000000000000010
313, 0000000000000000000110001001101000000000000000010000000000000000, 000000000000000000000000000000010
314, 0000000000000000000110101100111100000000000000010000000000000000, 000000000000000000000000000000010
315, 0000000000000000000101100111011100000000000000010000000000000000, 000000000000000000000000000000010
316, 0000000000000000000111111101010100000000000000010000000000000000, 000000000000000000000000000000010
317, 0000000000000000000111111110011000000000000000010000000000000000, 000000000000000000000000000000010
318, 0000000000000000000110000011111100000000000000010000000000000000, 000000000000000000000000000000010
319, 0000000000000000000101111010110000000000000000010000000000000000, 000000000000000000000000000000010
320, 0000000000000000001000000011111100000000000000010000000000000000, 000000000000000000000000000000010
321, 0000000000000000000110111100101100000000000000010000000000000000, 000000000000000000000000000000010
322, 0000000000000000000110100000110000000000000000010000000000000000, 000000000000000000000000000000010
323, 0000000000000000000110110100010100000000000000010000000000000000, 000000000000000000000000000000010
324, 0000000000000000000111110001110000000000000000010000000000000000, 000000000000000000000000000000010
325, 0000000000000000000101110111101000000000000000010000000000000000, 000000000000000000000000000000010
326, 0000000000000000000111001111011000000000000000010000000000000000, 000000000000000000000000000000010
327, 0000000000000000000111001011001000000000000000010000000000000000, 000000000000000000000000000000010
328, 0000000000000000000111001100101000000000000000010000000000000000, 000000000000000000000000000000010
329, 0000000000000000000110011010110000000000000000010000000000000000, 000000000000000000000000000000010
330, 0000000000000000000111000001000100000000000000010000000000000000, 000000000000000000000000000000010
331, 0000000000000000000111010110111100000000000000010000000000000000, 000000000000000000000000000000010
332, 0000000000000000000111000001011100000000000000010000000000000000, 000000000000000000000000000000010
333, 0000000000000000000111010100000000000000000000010000000000000000, 000000000000000000000000000000010
334, 0000000000000000000111101001101000000000000000010000000000000000, 000000000000000000000000000000010
335, 0000000000000000000101101110011100000000000000010000000000000000, 000000000000000000000000000000010
336, 0000000000000000000111100100001100000000000000010000000000000000, 000000000000000000000000000000010
337, 0000000000000000000101100011100100000000000000010000000000000000, 000000000000000000000000000000010
338, 0000000000000000000110111110000000000000000000010000000000000000, 000000000000000000000000000000010
339, 0000000000000000001000000101010100000000000000010000000000000000, 000000000000000000000000000000010
340, 0000000000000000000110100001010100000000000000010000000000000000, 000000000000000000000000000000010
341, 0000000000000000000111110000001000000000000000010000000000000000, 000000000000000000000000000000010
342, 0000000000000000000111010000100000000000000000010000000000000000, 000000000000000000000000000000010
343, 0000000000000000001000001101010000000000000000010000000000000000, 000000000000000000000000000000010
344, 0000000000000000000111010100110000000000000000010000000000000000, 000000000000000000000000000000010
345, 0000000000000000000110111101110100000000000000010000000000000000, 000000000000000000000000000000010
346, 0000000000000000000101111010110000000000000000010000000000000000, 000000000000000000000000000000010
347, 0000000000000000000111100001111100000000000000010000000000000000, 000000000000000000000000000000010
348, 0000000000000000000111010101101000000000000000010000000000000000, 000000000000000000000000000000010
349, 0000000000000000001000010001011000000000000000010000000000000000, 000000000000000000000000000000010
350, 0000000000000000000110000010111000000000000000010000000000000000, 000000000000000000000000000000010
351, 0000000000000000000111010000011100000000000000010000000000000000, 000000000000000000000000000000010
352, 0000000000000000000110011000100100000000000000010000000000000000, 000000000000000000000000000000010
353, 0000000000000000000101101101011000000000000000010000000000000000, 000000000000000000000000000000010
354, 0000000000000000000110100001000100000000000000010000000000000000, 000000000000000000000000000000010
355, 0000000000000000000111100001010000000000000000010000000000000000, 000000000000000000000000000000010
356, 0000000000000000000101100100011000000000000000010000000000000000, 000000000000000000000000000000010
357, 0000000000000000000110011011111000000000000000010000000000000000, 000000000000000000000000000000010
358, 0000000000000000000110000101011000000000000000010000000000000000, 000000000000000000000000000000010
359, 0000000000000000000111001110101100000000000000010000000000000000, 000000000000000000000000000000010
360, 0000000000000000000111011001011100000000000000010000000000000000, 000000000000000000000000000000010
361, 0000000000000000000111011111111100000000000000010000000000000000, 000000000000000000000000000000010
362, 0000000000000000000110110100101000000000000000010000000000000000, 000000000000000000000000000000010
363, 0000000000000000000111100111111000000000000000010000000000000000, 000000000000000000000000000000010
364, 0000000000000000001000001001001100000000000000010000000000000000, 000000000000000000000000000000010
365, 0000000000000000000111110110011000000000000000010000000000000000, 000000000000000000000000000000010
366, 0000000000000000000111011111010100000000000000010000000000000000, 000000000000000000000000000000010
367, 0000000000000000000101111000111000000000000000010000000000000000, 000000000000000000000000000000010
368, 0000000000000000000110010010100100000000000000010000000000000000, 000000000000000000000000000000010
369, 0000000000000000000110100010011100000000000000010000000000000000, 000000000000000000000000000000010
370, 0000000000000000000111010010000000000000000000010000000000000000, 000000000000000000000000000000010
371, 0000000000000000000111110111100100000000000000010000000000000000, 000000000000000000000000000000010
372, 0000000000000000000111100101110100000000000000010000000000000000, 000000000000000000000000000000010
373, 0000000000000000000110010010010100000000000000010000000000000000, 000000000000000000000000000000010
374, 0000000000000000000101100101111000000000000000010000000000000000, 000000000000000000000000000000010
375, 0000000000000000000101100110101100000000000000010000000000000000, 000000000000000000000000000000010
376, 0000000000000000000111101100111000000000000000010000000000000000, 000000000000000000000000000000010
377, 0000000000000000000110011000000000000000000000010000000000000000, 000000000000000000000000000000010
378, 0000000000000000000110100010110000000000000000010000000000000000, 000000000000000000000000000000010
379, 0000000000000000000101101111001100000000000000010000000000000000, 000000000000000000000000000000010
380, 0000000000000000000101110111000000000000000000010000000000000000, 000000000000000000000000000000010
381, 0000000000000000000111011111011000000000000000010000000000000000, 000000000000000000000000000000010
382, 0000000000000000000101111100111000000000000000010000000000000000, 000000000000000000000000000000010
383, 0000000000000000000110110011111100000000000000010000000000000000, 000000000000000000000000000000010
384, 0000000000000000000101110001000100000000000000010000000000000000, 000000000000000000000000000000010
385, 0000000000000000000111010100011100000000000000010000000000000000, 000000000000000000000000000000010
386, 0000000000000000000111110001110100000000000000010000000000000000, 000000000000000000000000000000010
387, 0000000000000000000110111110111100000000000000010000000000000000, 000000000000000000000000000000010
388, 0000000000000000000110100111111000000000000000010000000000000000, 000000000000000000000000000000010
389, 0000000000000000000110110010001100000000000000010000000000000000, 000000000000000000000000000000010
390, 0000000000000000000111010000011100000000000000010000000000000000, 000000000000000000000000000000010
391, 0000000000000000000110011110001000000000000000010000000000000000, 000000000000000000000000000000010
392, 0000000000000000000110000010101100000000000000010000000000000000, 000000000000000000000000000000010
393, 0000000000000000000101100010101100000000000000010000000000000000, 000000000000000000000000000000010
394, 0000000000000000000110110011111100000000000000010000000000000000, 000000000000000000000000000000010
395, 0000000000000000000110011101010100000000000000010000000000000000, 000000000000000000000000000000010
396, 0000000000000000000111100000100100000000000000010000000000000000, 000000000000000000000000000000010
397, 0000000000000000000101100111001000000000000000010000000000000000, 000000000000000000000000000000010
398, 0000000000000000000110010001010000000000000000010000000000000000, 000000000000000000000000000000010
399, 0000000000000000000110101100010100000000000000010000000000000000, 000000000000000000000000000000010
400, 0000000000000000000101111110011000000000000000010000000000000000, 000000000000000000000000000000010
401, 0000000000000000000101100101010100000000000000010000000000000000, 000000000000000000000000000000010
402, 0000000000000000000110001110100000000000000000010000000000000000, 000000000000000000000000000000010
403, 0000000000000000000110010011010000000000000000010000000000000000, 000000000000000000000000000000010
404, 0000000000000000000111101001100100000000000000010000000000000000, 000000000000000000000000000000010
405, 0000000000000000000111000100111100000000000000010000000000000000, 000000000000000000000000000000010
406, 0000000000000000000101111111100000000000000000010000000000000000, 000000000000000000000000000000010
407, 0000000000000000000111011000010100000000000000010000000000000000, 000000000000000000000000000000010
408, 0000000000000000000111011000111100000000000000010000000000000000, 000000000000000000000000000000010
409, 0000000000000000000110001001100000000000000000010000000000000000, 000000000000000000000000000000010
410, 0000000000000000000111100100110100000000000000010000000000000000, 000000000000000000000000000000010
411, 0000000000000000000111100111010000000000000000010000000000000000, 000000000000000000000000000000010
412, 0000000000000000000110011000010100000000000000010000000000000000, 000000000000000000000000000000010
413, 0000000000000000000111010000100100000000000000010000000000000000, 000000000000000000000000000000010
414, 0000000000000000000110000001011100000000000000010000000000000000, 000000000000000000000000000000010
415, 0000000000000000000110100011101000000000000000010000000000000000, 000000000000000000000000000000010
416, 0000000000000000000110011101000100000000000000010000000000000000, 000000000000000000000000000000010
417, 0000000000000000000111001010011100000000000000010000000000000000, 000000000000000000000000000000010
418, 0000000000000000000111001111111000000000000000010000000000000000, 000000000000000000000000000000010
419, 0000000000000000000111000010110000000000000000010000000000000000, 000000000000000000000000000000010
420, 0000000000000000000110110101000000000000000000010000000000000000, 000000000000000000000000000000010
421, 0000000000000000000110100010101100000000000000010000000000000000, 000000000000000000000000000000010
422, 0000000000000000000111101000010100000000000000010000000000000000, 000000000000000000000000000000010
423, 0000000000000000000101110011101100000000000000010000000000000000, 000000000000000000000000000000010
424, 0000000000000000000111100011010000000000000000010000000000000000, 000000000000000000000000000000010
425, 0000000000000000000110000011001100000000000000010000000000000000, 000000000000000000000000000000010
426, 0000000000000000000110000100101000000000000000010000000000000000, 000000000000000000000000000000010
427, 0000000000000000001000001110100000000000000000010000000000000000, 000000000000000000000000000000010
428, 0000000000000000000110101010101100000000000000010000000000000000, 000000000000000000000000000000010
429, 0000000000000000000110100011100000000000000000010000000000000000, 000000000000000000000000000000010
430, 0000000000000000000110000111110000000000000000010000000000000000, 000000000000000000000000000000010
431, 0000000000000000000110010100111000000000000000010000000000000000, 000000000000000000000000000000010
432, 0000000000000000001000000100101100000000000000010000000000000000, 000000000000000000000000000000010
433, 0000000000000000000111010001011100000000000000010000000000000000, 000000000000000000000000000000010
434, 0000000000000000000110100001011000000000000000010000000000000000, 000000000000000000000000000000010
435, 0000000000000000000111111111010000000000000000010000000000000000, 000000000000000000000000000000010
436, 0000000000000000000111001101101000000000000000010000000000000000, 000000000000000000000000000000010
437, 0000000000000000000110011111011000000000000000010000000000000000, 000000000000000000000000000000010
438, 0000000000000000000110011011100100000000000000010000000000000000, 000000000000000000000000000000010
439, 0000000000000000001000000101010000000000000000010000000000000000, 000000000000000000000000000000010
440, 0000000000000000000111111010010100000000000000010000000000000000, 000000000000000000000000000000010
441, 0000000000000000000110000001001100000000000000010000000000000000, 000000000000000000000000000000010
442, 0000000000000000000110100000000100000000000000010000000000000000, 000000000000000000000000000000010
443, 0000000000000000000101100010000000000000000000010000000000000000, 000000000000000000000000000000010
444, 0000000000000000000111111101101000000000000000010000000000000000, 000000000000000000000000000000010
445, 0000000000000000000110110010100100000000000000010000000000000000, 000000000000000000000000000000010
446, 0000000000000000001000001000110100000000000000010000000000000000, 000000000000000000000000000000010
447, 0000000000000000000110100111000100000000000000010000000000000000, 000000000000000000000000000000010
448, 0000000000000000000111100001111100000000000000010000000000000000, 000000000000000000000000000000010
449, 0000000000000000000111110001011000000000000000010000000000000000, 000000000000000000000000000000010
450, 0000000000000000000110111011001100000000000000010000000000000000, 000000000000000000000000000000010
451, 0000000000000000001000010011001000000000000000010000000000000000, 000000000000000000000000000000010
452, 0000000000000000001000010000100000000000000000010000000000000000, 000000000000000000000000000000010
453, 0000000000000000001000001101110100000000000000010000000000000000, 000000000000000000000000000000010
454, 0000000000000000000110010100101100000000000000010000000000000000, 000000000000000000000000000000010
455, 0000000000000000000111011010100000000000000000010000000000000000, 000000000000000000000000000000010
456, 0000000000000000000110100010110000000000000000010000000000000000, 000000000000000000000000000000010
457, 0000000000000000000111110011001100000000000000010000000000000000, 000000000000000000000000000000010
458, 0000000000000000000111100010100000000000000000010000000000000000, 000000000000000000000000000000010
459, 0000000000000000000111001100001000000000000000010000000000000000, 000000000000000000000000000000010
460, 0000000000000000000101100001011000000000000000010000000000000000, 000000000000000000000000000000010
461, 0000000000000000000111000011101100000000000000010000000000000000, 000000000000000000000000000000010
462, 0000000000000000000110001010110000000000000000010000000000000000, 000000000000000000000000000000010
463, 0000000000000000000111001111111100000000000000010000000000000000, 000000000000000000000000000000010
464, 0000000000000000000101101100101000000000000000010000000000000000, 000000000000000000000000000000010
465, 0000000000000000000111111100001000000000000000010000000000000000, 000000000000000000000000000000010
466, 0000000000000000000111100001000000000000000000010000000000000000, 000000000000000000000000000000010
467, 0000000000000000000110110110000100000000000000010000000000000000, 000000000000000000000000000000010
468, 0000000000000000000111001110101000000000000000010000000000000000, 000000000000000000000000000000010
469, 0000000000000000000101110101111100000000000000010000000000000000, 000000000000000000000000000000010
470, 0000000000000000000101100100111000000000000000010000000000000000, 000000000000000000000000000000010
471, 0000000000000000000110110011010100000000000000010000000000000000, 000000000000000000000000000000010
472, 0000000000000000001000000110000100000000000000010000000000000000, 000000000000000000000000000000010
473, 0000000000000000000110000101110000000000000000010000000000000000, 000000000000000000000000000000010
474, 0000000000000000000111000010100000000000000000010000000000000000, 000000000000000000000000000000010
475, 0000000000000000000101101101010000000000000000010000000000000000, 000000000000000000000000000000010
476, 0000000000000000000110000101111100000000000000010000000000000000, 000000000000000000000000000000010
477, 0000000000000000000111011010100000000000000000010000000000000000, 000000000000000000000000000000010
478, 0000000000000000000110001101011000000000000000010000000000000000, 000000000000000000000000000000010
479, 0000000000000000000110011110110000000000000000010000000000000000, 000000000000000000000000000000010
480, 0000000000000000000101111111111100000000000000010000000000000000, 000000000000000000000000000000010
481, 0000000000000000000110011011010000000000000000010000000000000000, 000000000000000000000000000000010
482, 0000000000000000000111000110001000000000000000010000000000000000, 000000000000000000000000000000010
483, 0000000000000000000111011101100100000000000000010000000000000000, 000000000000000000000000000000010
484, 0000000000000000000110100100110100000000000000010000000000000000, 000000000000000000000000000000010
485, 0000000000000000000110101101000000000000000000010000000000000000, 000000000000000000000000000000010
486, 0000000000000000000110001010000100000000000000010000000000000000, 000000000000000000000000000000010
487, 0000000000000000000110111000000100000000000000010000000000000000, 000000000000000000000000000000010
488, 0000000000000000000110010001100100000000000000010000000000000000, 000000000000000000000000000000010
489, 0000000000000000000110111101000000000000000000010000000000000000, 000000000000000000000000000000010
490, 0000000000000000000101100110101000000000000000010000000000000000, 000000000000000000000000000000010
491, 0000000000000000000101101010111100000000000000010000000000000000, 000000000000000000000000000000010
492, 0000000000000000000111110000101100000000000000010000000000000000, 000000000000000000000000000000010
493, 0000000000000000001000001100101100000000000000010000000000000000, 000000000000000000000000000000010
494, 0000000000000000000101101010000100000000000000010000000000000000, 000000000000000000000000000000010
495, 0000000000000000000110001000010000000000000000010000000000000000, 000000000000000000000000000000010
496, 0000000000000000000111010010100100000000000000010000000000000000, 000000000000000000000000000000010
497, 0000000000000000000110000110010000000000000000010000000000000000, 000000000000000000000000000000010
498, 0000000000000000000111010111010000000000000000010000000000000000, 000000000000000000000000000000010
499, 0000000000000000000000000000000000000000000000000000000000000000, 000000000000000000000000000000010
