0000000000000000001000010100011000000000000000000000000000000000
0000000000000000001000111011100100000000000000000000000000000000
0000000000000000001010000000011000000000000000000000000000000000
0000000000000000001000011011001000000000000000000000000000000000
0000000000000000001001001101010000000000000000000000000000000000
0000000000000000001010110100111100000000000000000000000000000000
0000000000000000001010101001000100000000000000000000000000000000
0000000000000000001001000111001000000000000000000000000000000000
0000000000000000001000001110001100000000000000000000000000000000
0000000000000000000101011110001100000000000000000000000000000000
0000000000000000001001110010000100000000000000000000000000000000
0000000000000000001010000111001000000000000000000000000000000000
0000000000000000001000011110010100000000000000000000000000000000
0000000000000000001000101110011000000000000000000000000000000000
0000000000000000001000011010001000000000000000000000000000000000
0000000000000000000101111000010100000000000000000000000000000000
0000000000000000001010011110011100000000000000000000000000000000
0000000000000000001001011010100000000000000000000000000000000000
0000000000000000001001010011001100000000000000000000000000000000
0000000000000000001001111101010100000000000000000000000000000000
0000000000000000001010000010101000000000000000000000000000000000
0000000000000000001000111001001000000000000000000000000000000000
0000000000000000001000100011110100000000000000000000000000000000
0000000000000000001010011001011100000000000000000000000000000000
0000000000000000001000101111010100000000000000000000000000000000
0000000000000000001001110100001100000000000000000000000000000000
0000000000000000001001010000100100000000000000000000000000000000
0000000000000000001000110000110000000000000000000000000000000000
0000000000000000001001001110101100000000000000000000000000000000
0000000000000000001010100111000100000000000000000000000000000000
0000000000000000001001000010111000000000000000000000000000000000
0000000000000000001001011001111000000000000000000000000000000000
0000000000000000001000001110001100000000000000000000000000000000
0000000000000000001000100100001000000000000000000000000000000000
0000000000000000001001111001000000000000000000000000000000000000
0000000000000000001010101111011100000000000000000000000000000000
0000000000000000001010000010000100000000000000000000000000000000
0000000000000000001001101111110000000000000000000000000000000000
0000000000000000001000010110110100000000000000000000000000000000
0000000000000000001001111011001100000000000000000000000000000000
0000000000000000001001100011000100000000000000000000000000000000
0000000000000000001010111110000000000000000000000000000000000000
0000000000000000001000100001110000000000000000000000000000000000
0000000000000000001010101110100100000000000000000000000000000000
0000000000000000001001100101011100000000000000000000000000000000
0000000000000000000110000010000000000000000000000000000000000000
0000000000000000001001111101111100000000000000000000000000000000
0000000000000000001010100110010100000000000000000000000000000000
0000000000000000001010000010000000000000000000000000000000000000
0000000000000000001000111011110000000000000000000000000000000000
0000000000000000001010001010001100000000000000000000000000000000
0000000000000000001001101101011100000000000000000000000000000000
0000000000000000001010110100001000000000000000000000000000000000
0000000000000000001000111111110000000000000000000000000000000000
0000000000000000001001000010110100000000000000000000000000000000
0000000000000000001010100011100000000000000000000000000000000000
0000000000000000001001001111000100000000000000000000000000000000
0000000000000000001010000001110100000000000000000000000000000000
0000000000000000001001010110000100000000000000000000000000000000
0000000000000000000111000110001000000000000000000000000000000000
0000000000000000001000011101100000000000000000000000000000000000
0000000000000000001001100111111100000000000000000000000000000000
0000000000000000000110110110000000000000000000000000000000000000
0000000000000000001000100010111000000000000000000000000000000000
0000000000000000001010110010000000000000000000000000000000000000
0000000000000000001001011000101100000000000000000000000000000000
0000000000000000001001100000011000000000000000000000000000000000
0000000000000000001001001111111100000000000000000000000000000000
0000000000000000001000010011101000000000000000000000000000000000
0000000000000000001001100101010000000000000000000000000000000000
0000000000000000001001100011111100000000000000000000000000000000
0000000000000000001010011000010000000000000000000000000000000000
0000000000000000001000110111010000000000000000000000000000000000
0000000000000000001001111100110000000000000000000000000000000000
0000000000000000001000010101111100000000000000000000000000000000
0000000000000000001000111100100000000000000000000000000000000000
0000000000000000001001001110010000000000000000000000000000000000
0000000000000000001010010100111100000000000000000000000000000000
0000000000000000001001110100000100000000000000000000000000000000
0000000000000000001001110100111100000000000000000000000000000000
0000000000000000001001110000011100000000000000000000000000000000
0000000000000000001001011100111100000000000000000000000000000000
0000000000000000001010111110001000000000000000000000000000000000
0000000000000000001000001110111100000000000000000000000000000000
0000000000000000001001101101110100000000000000000000000000000000
0000000000000000001001100001011100000000000000000000000000000000
0000000000000000000110011000001100000000000000000000000000000000
0000000000000000001000110011011100000000000000000000000000000000
0000000000000000001010100000101100000000000000000000000000000000
0000000000000000001001110111111100000000000000000000000000000000
0000000000000000001000010010100100000000000000000000000000000000
0000000000000000001001011000010000000000000000000000000000000000
0000000000000000001010001100111100000000000000000000000000000000
0000000000000000001001101001001100000000000000000000000000000000
0000000000000000001010011001101100000000000000000000000000000000
0000000000000000001011000000111000000000000000000000000000000000
0000000000000000001010000001101100000000000000000000000000000000
0000000000000000001000111001101000000000000000000000000000000000
0000000000000000001000101111101100000000000000000000000000000000
0000000000000000001000111011111000000000000000000000000000000000
0000000000000000001010010100000000000000000000000000000000000000
0000000000000000001001110101000100000000000000000000000000000000
0000000000000000001010000000110100000000000000000000000000000000
0000000000000000000101111111110100000000000000000000000000000000
0000000000000000001001110110001000000000000000000000000000000000
0000000000000000001001001000010000000000000000000000000000000000
0000000000000000001010110000110100000000000000000000000000000000
0000000000000000001001011100001000000000000000000000000000000000
0000000000000000001001111110011000000000000000000000000000000000
0000000000000000001001010010100000000000000000000000000000000000
0000000000000000001010100100100100000000000000000000000000000000
0000000000000000001001011010110100000000000000000000000000000000
0000000000000000001001110001110100000000000000000000000000000000
0000000000000000001000010111011000000000000000000000000000000000
0000000000000000001000110111001000000000000000000000000000000000
0000000000000000001010011000001000000000000000000000000000000000
0000000000000000001001010010101000000000000000000000000000000000
0000000000000000001010011110111000000000000000000000000000000000
0000000000000000001001011111111100000000000000000000000000000000
0000000000000000001000111001101100000000000000000000000000000000
0000000000000000001001010100001100000000000000000000000000000000
0000000000000000001010011101100100000000000000000000000000000000
0000000000000000001010000000011000000000000000000000000000000000
0000000000000000001001100111001100000000000000000000000000000000
0000000000000000001000111110111000000000000000000000000000000000
0000000000000000001000111011100000000000000000000000000000000000
0000000000000000000111001000001100000000000000000000000000000000
0000000000000000001001110101111100000000000000000000000000000000
0000000000000000001001111101110000000000000000000000000000000000
0000000000000000001010110101101000000000000000000000000000000000
0000000000000000001010101110111100000000000000000000000000000000
0000000000000000000110001111101000000000000000000000000000000000
0000000000000000000111011010000000000000000000000000000000000000
0000000000000000001001110100110000000000000000000000000000000000
0000000000000000001001100111011000000000000000000000000000000000
0000000000000000001001000010100000000000000000000000000000000000
0000000000000000001001101110000000000000000000000000000000000000
0000000000000000001000011111100100000000000000000000000000000000
0000000000000000001010100101111000000000000000000000000000000000
0000000000000000001001110101001100000000000000000000000000000000
0000000000000000001010001000111000000000000000000000000000000000
0000000000000000001000011000100100000000000000000000000000000000
0000000000000000001010110010000100000000000000000000000000000000
0000000000000000001001101010011100000000000000000000000000000000
0000000000000000001001110110001100000000000000000000000000000000
0000000000000000001001101110101100000000000000000000000000000000
0000000000000000001010101011111100000000000000000000000000000000
0000000000000000001010110111110000000000000000000000000000000000
0000000000000000000101110001100000000000000000000000000000000000
0000000000000000000101110110001100000000000000000000000000000000
0000000000000000001000010001110000000000000000000000000000000000
0000000000000000001000011010110100000000000000000000000000000000
0000000000000000001010000011111100000000000000000000000000000000
0000000000000000000111110100011100000000000000000000000000000000
0000000000000000001010100001100000000000000000000000000000000000
0000000000000000001001011001110100000000000000000000000000000000
0000000000000000001010000111111000000000000000000000000000000000
0000000000000000001010111111000000000000000000000000000000000000
0000000000000000001010110110110000000000000000000000000000000000
0000000000000000001010111010011000000000000000000000000000000000
0000000000000000001000001111111000000000000000000000000000000000
0000000000000000001000110100011100000000000000000000000000000000
0000000000000000001001000100111100000000000000000000000000000000
0000000000000000001001111111101000000000000000000000000000000000
0000000000000000001000010100100100000000000000000000000000000000
0000000000000000001001110001100000000000000000000000000000000000
0000000000000000001001111110101000000000000000000000000000000000
0000000000000000001001001111010000000000000000000000000000000000
0000000000000000001010100101100000000000000000000000000000000000
0000000000000000001010101011110000000000000000000000000000000000
0000000000000000001001110000110000000000000000000000000000000000
0000000000000000001010000010111000000000000000000000000000000000
0000000000000000001000011111010000000000000000000000000000000000
0000000000000000001000010011000000000000000000000000000000000000
0000000000000000001010101101001100000000000000000000000000000000
0000000000000000001010000000011100000000000000000000000000000000
0000000000000000001001001100011000000000000000000000000000000000
0000000000000000001001110001100100000000000000000000000000000000
0000000000000000001010001111011100000000000000000000000000000000
0000000000000000001001101010011100000000000000000000000000000000
0000000000000000001001000110111100000000000000000000000000000000
0000000000000000001000100100011000000000000000000000000000000000
0000000000000000001010101010110100000000000000000000000000000000
0000000000000000001001001110110100000000000000000000000000000000
0000000000000000001001100010000100000000000000000000000000000000
0000000000000000001000111110100000000000000000000000000000000000
0000000000000000001000100011000000000000000000000000000000000000
0000000000000000001000011001000000000000000000000000000000000000
0000000000000000001010001010011100000000000000000000000000000000
0000000000000000000111111110011100000000000000000000000000000000
0000000000000000001001000110110000000000000000000000000000000000
0000000000000000000111111100010100000000000000000000000000000000
0000000000000000001010000110111000000000000000000000000000000000
0000000000000000001000110100001100000000000000000000000000000000
0000000000000000001010001110111100000000000000000000000000000000
0000000000000000001000101101010100000000000000000000000000000000
0000000000000000001001101111111100000000000000000000000000000000
0000000000000000001001000000111000000000000000000000000000000000
0000000000000000001010001110101100000000000000000000000000000000
0000000000000000001001111110101100000000000000000000000000000000
0000000000000000001010100110001100000000000000000000000000000000
0000000000000000001010010110000000000000000000000000000000000000
0000000000000000001001010011000100000000000000000000000000000000
0000000000000000001010000101000100000000000000000000000000000000
0000000000000000001001011111000000000000000000000000000000000000
0000000000000000000110011100010100000000000000000000000000000000
0000000000000000001010111110010000000000000000000000000000000000
0000000000000000001000010101101100000000000000000000000000000000
0000000000000000001010100110001000000000000000000000000000000000
0000000000000000001000111111100000000000000000000000000000000000
0000000000000000001010100010110100000000000000000000000000000000
0000000000000000001001000011011100000000000000000000000000000000
0000000000000000001010001000111000000000000000000000000000000000
0000000000000000000101101010100000000000000000000000000000000000
0000000000000000001001000101100000000000000000000000000000000000
0000000000000000001010110001111100000000000000000000000000000000
0000000000000000001001101001101100000000000000000000000000000000
0000000000000000001000110110001000000000000000000000000000000000
0000000000000000001001101100001000000000000000000000000000000000
0000000000000000001001101101100000000000000000000000000000000000
0000000000000000001000100000111000000000000000000000000000000000
0000000000000000001010111011010100000000000000000000000000000000
0000000000000000001000011001001100000000000000000000000000000000
0000000000000000001010001001100100000000000000000000000000000000
0000000000000000001000111001001100000000000000000000000000000000
0000000000000000001000010101101100000000000000000000000000000000
0000000000000000001000110110101000000000000000000000000000000000
0000000000000000000111000110110100000000000000000000000000000000
0000000000000000001010111100101100000000000000000000000000000000
0000000000000000001000001111111000000000000000000000000000000000
0000000000000000001001000001111100000000000000000000000000000000
0000000000000000001000100111110100000000000000000000000000000000
0000000000000000001001010011101100000000000000000000000000000000
0000000000000000001000001111000100000000000000000000000000000000
0000000000000000000110000111101000000000000000000000000000000000
0000000000000000001010100100000000000000000000000000000000000000
0000000000000000001010111010110100000000000000000000000000000000
0000000000000000001001110111000000000000000000000000000000000000
0000000000000000001010011000101100000000000000000000000000000000
0000000000000000001001100101101100000000000000000000000000000000
0000000000000000001000101011110100000000000000000000000000000000
0000000000000000001010000100001100000000000000000000000000000000
0000000000000000001000100101010100000000000000000000000000000000
0000000000000000001001101110100000000000000000000000000000000000
0000000000000000001010011111000100000000000000000000000000000000
0000000000000000001010110111110100000000000000000000000000000000
0000000000000000001001001001011100000000000000000000000000000000
0000000000000000001010111001110000000000000000000000000000000000
0000000000000000001001001001000100000000000000000000000000000000
0000000000000000001000011010000100000000000000000000000000000000
0000000000000000001010101011100000000000000000000000000000000000
0000000000000000001000010001000000000000000000000000000000000000
0000000000000000001000100110110000000000000000000000000000000000
0000000000000000001001001011010000000000000000000000000000000000
0000000000000000001000010101100100000000000000000000000000000000
0000000000000000001001100000111000000000000000000000000000000000
0000000000000000001010010001110000000000000000000000000000000000
0000000000000000001010101011111000000000000000000000000000000000
0000000000000000001000110011000000000000000000000000000000000000
0000000000000000001000111100011000000000000000000000000000000000
0000000000000000001010110101110100000000000000000000000000000000
0000000000000000001011000000010000000000000000000000000000000000
0000000000000000001010110000000100000000000000000000000000000000
0000000000000000001001001111011100000000000000000000000000000000
0000000000000000001001011010100000000000000000000000000000000000
0000000000000000001001010111101000000000000000000000000000000000
0000000000000000001010010011000100000000000000000000000000000000
0000000000000000001010011111111000000000000000000000000000000000
0000000000000000001001101110101100000000000000000000000000000000
0000000000000000001000110111101000000000000000000000000000000000
0000000000000000001000101000101000000000000000000000000000000000
0000000000000000001000110110010100000000000000000000000000000000
0000000000000000001001100010000000000000000000000000000000000000
0000000000000000001000011101011000000000000000000000000000000000
0000000000000000001001000001111000000000000000000000000000000000
0000000000000000001000101000001100000000000000000000000000000000
0000000000000000001001011011100100000000000000000000000000000000
0000000000000000001010100100011000000000000000000000000000000000
0000000000000000001010001110010000000000000000000000000000000000
0000000000000000001000110111100000000000000000000000000000000000
0000000000000000001010001000110100000000000000000000000000000000
0000000000000000001001001000111100000000000000000000000000000000
0000000000000000001001101110111000000000000000000000000000000000
0000000000000000001001101000111000000000000000000000000000000000
0000000000000000001001011110111000000000000000000000000000000000
0000000000000000001001011001000100000000000000000000000000000000
0000000000000000001000110000111100000000000000000000000000000000
0000000000000000001000100011001000000000000000000000000000000000
0000000000000000001010100010110100000000000000000000000000000000
0000000000000000001001011101000100000000000000000000000000000000
0000000000000000001000011000000000000000000000000000000000000000
0000000000000000001001000100010000000000000000000000000000000000
0000000000000000001001000110011100000000000000000000000000000000
0000000000000000001001010101110000000000000000000000000000000000
0000000000000000001000001111001100000000000000000000000000000000
0000000000000000001000101010001100000000000000000000000000000000
0000000000000000001001111110001100000000000000000000000000000000
0000000000000000001010001000001000000000000000000000000000000000
0000000000000000001010001010001100000000000000000000000000000000
0000000000000000001001001010000000000000000000000000000000000000
0000000000000000001001001101000100000000000000000000000000000000
0000000000000000001010001010001000000000000000000000000000000000
0000000000000000001010000101100100000000000000000000000000000000
0000000000000000001001100011110000000000000000000000000000000000
0000000000000000001010010010010100000000000000000000000000000000
0000000000000000000111101110010000000000000000000000000000000000
0000000000000000000110100100110000000000000000000000000000000000
0000000000000000001001101111011100000000000000000000000000000000
0000000000000000001010001001011000000000000000000000000000000000
0000000000000000001010110101010100000000000000000000000000000000
0000000000000000001000110101000100000000000000000000000000000000
0000000000000000001000111000011000000000000000000000000000000000
0000000000000000001010000110001100000000000000000000000000000000
0000000000000000001001011011000100000000000000000000000000000000
0000000000000000001010111000100100000000000000000000000000000000
0000000000000000001010101010110000000000000000000000000000000000
0000000000000000001010101101101100000000000000000000000000000000
0000000000000000001000110110001100000000000000000000000000000000
0000000000000000001001101010001100000000000000000000000000000000
0000000000000000001000100100011000000000000000000000000000000000
0000000000000000001010101111100000000000000000000000000000000000
0000000000000000001010111010010000000000000000000000000000000000
0000000000000000001010000011111000000000000000000000000000000000
0000000000000000001000011111101000000000000000000000000000000000
0000000000000000001001000111100100000000000000000000000000000000
0000000000000000001001110101001100000000000000000000000000000000
0000000000000000001010011010101000000000000000000000000000000000
0000000000000000001000110100010000000000000000000000000000000000
0000000000000000001001110011100100000000000000000000000000000000
0000000000000000001010011110011100000000000000000000000000000000
0000000000000000001010011111111100000000000000000000000000000000
0000000000000000001010111111111100000000000000000000000000000000
0000000000000000001001110111100100000000000000000000000000000000
0000000000000000001000011011000000000000000000000000000000000000
0000000000000000001001011011101100000000000000000000000000000000
0000000000000000001010001000100000000000000000000000000000000000
0000000000000000001010110100110000000000000000000000000000000000
0000000000000000001001000111011000000000000000000000000000000000
0000000000000000001010111100100100000000000000000000000000000000
0000000000000000001010011110100100000000000000000000000000000000
0000000000000000001000100011111100000000000000000000000000000000
0000000000000000001001010100001000000000000000000000000000000000
0000000000000000001001111010001000000000000000000000000000000000
0000000000000000001000111001001100000000000000000000000000000000
0000000000000000001000011111001100000000000000000000000000000000
0000000000000000001010110000011100000000000000000000000000000000
0000000000000000001010010110000100000000000000000000000000000000
0000000000000000001000010001111100000000000000000000000000000000
0000000000000000000111001000111100000000000000000000000000000000
0000000000000000001010101101110000000000000000000000000000000000
0000000000000000001000001101011000000000000000000000000000000000
0000000000000000001001000000011100000000000000000000000000000000
0000000000000000001010000000011100000000000000000000000000000000
0000000000000000001010010110011100000000000000000000000000000000
0000000000000000001000101000111000000000000000000000000000000000
0000000000000000001000010110111000000000000000000000000000000000
0000000000000000001010110111110100000000000000000000000000000000
0000000000000000001000100001000100000000000000000000000000000000
0000000000000000001010010101001100000000000000000000000000000000
0000000000000000001000111110111000000000000000000000000000000000
0000000000000000001010000000010000000000000000000000000000000000
0000000000000000001001011011010000000000000000000000000000000000
0000000000000000001001000101111000000000000000000000000000000000
0000000000000000001010110101110000000000000000000000000000000000
0000000000000000001000011100101100000000000000000000000000000000
0000000000000000001000110000011000000000000000000000000000000000
0000000000000000001000101010111000000000000000000000000000000000
0000000000000000001010110110011100000000000000000000000000000000
0000000000000000001001010110100000000000000000000000000000000000
0000000000000000001000011000001100000000000000000000000000000000
0000000000000000001000110010001000000000000000000000000000000000
0000000000000000001001111100010100000000000000000000000000000000
0000000000000000001010010011111100000000000000000000000000000000
0000000000000000001000101010011000000000000000000000000000000000
0000000000000000001001001110000000000000000000000000000000000000
0000000000000000001001011011011000000000000000000000000000000000
0000000000000000001000101100101100000000000000000000000000000000
0000000000000000001010000100110100000000000000000000000000000000
0000000000000000001000011001000000000000000000000000000000000000
0000000000000000001000110110101100000000000000000000000000000000
0000000000000000001000100001010000000000000000000000000000000000
0000000000000000001010001111111000000000000000000000000000000000
0000000000000000001001101000111100000000000000000000000000000000
0000000000000000001010010010111100000000000000000000000000000000
0000000000000000000111001001101000000000000000000000000000000000
0000000000000000001001000111000100000000000000000000000000000000
0000000000000000001010010010001100000000000000000000000000000000
0000000000000000001001000100011000000000000000000000000000000000
0000000000000000001000001111111100000000000000000000000000000000
0000000000000000001010011000110100000000000000000000000000000000
0000000000000000001000100100111000000000000000000000000000000000
0000000000000000001000110111000100000000000000000000000000000000
0000000000000000001010101111010000000000000000000000000000000000
0000000000000000001010000100011000000000000000000000000000000000
0000000000000000001010011011111000000000000000000000000000000000
0000000000000000001010011001011100000000000000000000000000000000
0000000000000000001001000110011000000000000000000000000000000000
0000000000000000001001000111001000000000000000000000000000000000
0000000000000000001000001101000100000000000000000000000000000000
0000000000000000001010000000001000000000000000000000000000000000
0000000000000000001000001111111000000000000000000000000000000000
0000000000000000001001011100001100000000000000000000000000000000
0000000000000000001001100010010100000000000000000000000000000000
0000000000000000001001010111011100000000000000000000000000000000
0000000000000000001001010000111100000000000000000000000000000000
0000000000000000001000101101000000000000000000000000000000000000
0000000000000000001000010011111000000000000000000000000000000000
0000000000000000001010110101001100000000000000000000000000000000
0000000000000000001010001010001100000000000000000000000000000000
0000000000000000001010011011010100000000000000000000000000000000
0000000000000000001001011101001000000000000000000000000000000000
0000000000000000001001100111110100000000000000000000000000000000
0000000000000000001000100000010000000000000000000000000000000000
0000000000000000001010101101111000000000000000000000000000000000
0000000000000000001001111010001100000000000000000000000000000000
0000000000000000001010001111001000000000000000000000000000000000
0000000000000000001000111111101000000000000000000000000000000000
0000000000000000001000110000001000000000000000000000000000000000
0000000000000000001000100111010000000000000000000000000000000000
0000000000000000001001001101010100000000000000000000000000000000
0000000000000000001010101000001000000000000000000000000000000000
0000000000000000001001001111100000000000000000000000000000000000
0000000000000000001001011001100100000000000000000000000000000000
0000000000000000001010001011101000000000000000000000000000000000
0000000000000000001000010100110100000000000000000000000000000000
0000000000000000001001010010011000000000000000000000000000000000
0000000000000000001010111110001100000000000000000000000000000000
0000000000000000001000100000111100000000000000000000000000000000
0000000000000000001001010110001100000000000000000000000000000000
0000000000000000001000111000110100000000000000000000000000000000
0000000000000000001001101100010000000000000000000000000000000000
0000000000000000001000011110111000000000000000000000000000000000
0000000000000000001010101111000000000000000000000000000000000000
0000000000000000001000001111000100000000000000000000000000000000
0000000000000000001001101010000000000000000000000000000000000000
0000000000000000001010010111001100000000000000000000000000000000
0000000000000000001001111000000000000000000000000000000000000000
0000000000000000001000111001010100000000000000000000000000000000
0000000000000000001000101001111100000000000000000000000000000000
0000000000000000001001101000100000000000000000000000000000000000
0000000000000000001001111101111100000000000000000000000000000000
0000000000000000001010110110000000000000000000000000000000000000
0000000000000000001001000111101100000000000000000000000000000000
0000000000000000001010010101011100000000000000000000000000000000
0000000000000000000110011110100000000000000000000000000000000000
0000000000000000001010010110100000000000000000000000000000000000
0000000000000000001010101001000000000000000000000000000000000000
0000000000000000001001100010110000000000000000000000000000000000
0000000000000000001010111100111100000000000000000000000000000000
0000000000000000001001110110110000000000000000000000000000000000
0000000000000000001001001010000100000000000000000000000000000000
0000000000000000001010000011001100000000000000000000000000000000
0000000000000000001001110000110100000000000000000000000000000000
0000000000000000001001011010110100000000000000000000000000000000
0000000000000000001010000100100000000000000000000000000000000000
0000000000000000001010111010101000000000000000000000000000000000
0000000000000000001001101111111100000000000000000000000000000000
0000000000000000001000010110011100000000000000000000000000000000
0000000000000000001010011100000100000000000000000000000000000000
0000000000000000001010101100110100000000000000000000000000000000
0000000000000000000101110101101000000000000000000000000000000000
0000000000000000001000111011000100000000000000000000000000000000
0000000000000000001010000011011000000000000000000000000000000000
0000000000000000001000101101011000000000000000000000000000000000
0000000000000000001010111000101000000000000000000000000000000000
0000000000000000001001110101000000000000000000000000000000000000
0000000000000000001010010011110100000000000000000000000000000000
0000000000000000001001000100001000000000000000000000000000000000
0000000000000000001001010010110000000000000000000000000000000000
0000000000000000001000101011110000000000000000000000000000000000
0000000000000000001010010001100100000000000000000000000000000000
0000000000000000001010001101010000000000000000000000000000000000
0000000000000000001000101001010100000000000000000000000000000000
0000000000000000001010001111111000000000000000000000000000000000
0000000000000000001001101011001000000000000000000000000000000000
0000000000000000001010001001010000000000000000000000000000000000
0000000000000000001001011001110000000000000000000000000000000000
0000000000000000001001000000010000000000000000000000000000000000
0000000000000000001000100011010100000000000000000000000000000000
0000000000000000001001011101000000000000000000000000000000000000
0000000000000000001001110101101100000000000000000000000000000000
0000000000000000001000110011011000000000000000000000000000000000
0000000000000000001001110001110000000000000000000000000000000000
0000000000000000001001001011111000000000000000000000000000000000
0000000000000000001010100100111100000000000000000000000000000000
0000000000000000001010100000001000000000000000000000000000000000
0000000000000000001000010111100000000000000000000000000000000000
0000000000000000001001001001011000000000000000000000000000000000
0000000000000000001001001101010100000000000000000000000000000000
0000000000000000001001100001110100000000000000000000000000000000
0000000000000000001001010111010000000000000000000000000000000000
0000000000000000001001011111101100000000000000000000000000000000
0000000000000000001001101011011100000000000000000000000000000000
0000000000000000001010100101010100000000000000000000000000000000
0000000000000000001001100100110000000000000000000000000000000000
0000000000000000001001010100110000000000000000000000000000000000
0000000000000000001000111100011000000000000000000000000000000000
0000000000000000001001001001100100000000000000000000000000000000
0000000000000000001000011101011100000000000000000000000000000000
0000000000000000001001010110110100000000000000000000000000000000
