0000000000000000000110010001101000000000000000010000000000000000
0000000000000000000101110000000100000000000000010000000000000000
0000000000000000000101111101011100000000000000010000000000000000
0000000000000000000110011110111000000000000000010000000000000000
0000000000000000000111111100100000000000000000010000000000000000
0000000000000000000111110111001000000000000000010000000000000000
0000000000000000000101110010100100000000000000010000000000000000
0000000000000000000110010010110000000000000000010000000000000000
0000000000000000001000001010011000000000000000010000000000000000
0000000000000000000111000010111000000000000000010000000000000000
0000000000000000000110010001101100000000000000010000000000000000
0000000000000000000111110001110100000000000000010000000000000000
0000000000000000000101011111101000000000000000010000000000000000
0000000000000000000110101101101100000000000000010000000000000000
0000000000000000000110100000110100000000000000010000000000000000
0000000000000000000101101110101100000000000000010000000000000000
0000000000000000000110100010101000000000000000010000000000000000
0000000000000000000111001010010100000000000000010000000000000000
0000000000000000000110100111000100000000000000010000000000000000
0000000000000000000111100110001100000000000000010000000000000000
0000000000000000000111101000101000000000000000010000000000000000
0000000000000000000111101010010100000000000000010000000000000000
0000000000000000000111110010111100000000000000010000000000000000
0000000000000000000101111111011100000000000000010000000000000000
0000000000000000000111001000001000000000000000010000000000000000
0000000000000000000110111100100000000000000000010000000000000000
0000000000000000000101101011100000000000000000010000000000000000
0000000000000000000110100110111100000000000000010000000000000000
0000000000000000000110100100000000000000000000010000000000000000
0000000000000000000110001110100000000000000000010000000000000000
0000000000000000000111100111010100000000000000010000000000000000
0000000000000000000111000001111100000000000000010000000000000000
0000000000000000000111010000011100000000000000010000000000000000
0000000000000000000110010011011000000000000000010000000000000000
0000000000000000000111110111000100000000000000010000000000000000
0000000000000000001000001100111000000000000000010000000000000000
0000000000000000000110010110011100000000000000010000000000000000
0000000000000000000101110010010100000000000000010000000000000000
0000000000000000000111010110001000000000000000010000000000000000
0000000000000000000111000100011100000000000000010000000000000000
0000000000000000000101110110001100000000000000010000000000000000
0000000000000000000101111011000100000000000000010000000000000000
0000000000000000001000010001110000000000000000010000000000000000
0000000000000000000111110001100000000000000000010000000000000000
0000000000000000001000000010111100000000000000010000000000000000
0000000000000000000110110111010100000000000000010000000000000000
0000000000000000000110100111110100000000000000010000000000000000
0000000000000000000110000111000000000000000000010000000000000000
0000000000000000000101101101011100000000000000010000000000000000
0000000000000000000111101000100100000000000000010000000000000000
0000000000000000000111000100001000000000000000010000000000000000
0000000000000000000110110100000100000000000000010000000000000000
0000000000000000000111010100011000000000000000010000000000000000
0000000000000000000101111101011100000000000000010000000000000000
0000000000000000000110001000111100000000000000010000000000000000
0000000000000000000101110010110100000000000000010000000000000000
0000000000000000000101110011000100000000000000010000000000000000
0000000000000000000110000101010000000000000000010000000000000000
0000000000000000000111110100010000000000000000010000000000000000
0000000000000000000111011001011000000000000000010000000000000000
0000000000000000001000000011100100000000000000010000000000000000
0000000000000000000111111010101000000000000000010000000000000000
0000000000000000000110010000010100000000000000010000000000000000
0000000000000000000110110111010100000000000000010000000000000000
0000000000000000000111000110110000000000000000010000000000000000
0000000000000000000110000110000000000000000000010000000000000000
0000000000000000001000001100000100000000000000010000000000000000
0000000000000000000111011111110100000000000000010000000000000000
0000000000000000000111011101110100000000000000010000000000000000
0000000000000000000111000100000000000000000000010000000000000000
0000000000000000000101100101100000000000000000010000000000000000
0000000000000000000110011010001000000000000000010000000000000000
0000000000000000000111100110010000000000000000010000000000000000
0000000000000000001000001110000000000000000000010000000000000000
0000000000000000000101101000010000000000000000010000000000000000
0000000000000000000111111101000000000000000000010000000000000000
0000000000000000001000000111000100000000000000010000000000000000
0000000000000000000101110001011000000000000000010000000000000000
0000000000000000000110111111111000000000000000010000000000000000
0000000000000000000101110100110100000000000000010000000000000000
0000000000000000000110010110101100000000000000010000000000000000
0000000000000000000111100101110100000000000000010000000000000000
0000000000000000000110010001011000000000000000010000000000000000
0000000000000000000110110100011000000000000000010000000000000000
0000000000000000000111111001111100000000000000010000000000000000
0000000000000000000110110100100100000000000000010000000000000000
0000000000000000000110000010010100000000000000010000000000000000
0000000000000000000111101101000000000000000000010000000000000000
0000000000000000000101100101011000000000000000010000000000000000
0000000000000000000111101010101100000000000000010000000000000000
0000000000000000000101110010111100000000000000010000000000000000
0000000000000000000111001101101000000000000000010000000000000000
0000000000000000000110101011110000000000000000010000000000000000
0000000000000000000110101011000100000000000000010000000000000000
0000000000000000000110100011111100000000000000010000000000000000
0000000000000000000110100001010000000000000000010000000000000000
0000000000000000000101111101111100000000000000010000000000000000
0000000000000000000110001001100100000000000000010000000000000000
0000000000000000000111101010100000000000000000010000000000000000
0000000000000000000111011000101000000000000000010000000000000000
0000000000000000001000000011110100000000000000010000000000000000
0000000000000000000111000110010100000000000000010000000000000000
0000000000000000000110000110001100000000000000010000000000000000
0000000000000000000111100000110000000000000000010000000000000000
0000000000000000000111000000111100000000000000010000000000000000
0000000000000000000110011001001100000000000000010000000000000000
0000000000000000000110010101011100000000000000010000000000000000
0000000000000000000111010100010000000000000000010000000000000000
0000000000000000001000000000110000000000000000010000000000000000
0000000000000000000110001000111100000000000000010000000000000000
0000000000000000000110011100111000000000000000010000000000000000
0000000000000000000110000101001100000000000000010000000000000000
0000000000000000000110110111111000000000000000010000000000000000
0000000000000000000110100110010100000000000000010000000000000000
0000000000000000000110010111001000000000000000010000000000000000
0000000000000000000111011110101000000000000000010000000000000000
0000000000000000000111101100101100000000000000010000000000000000
0000000000000000000110000011111000000000000000010000000000000000
0000000000000000000110011001011000000000000000010000000000000000
0000000000000000000111101001010100000000000000010000000000000000
0000000000000000000111000110011100000000000000010000000000000000
0000000000000000000110010100101000000000000000010000000000000000
0000000000000000001000000110001100000000000000010000000000000000
0000000000000000000110010100101000000000000000010000000000000000
0000000000000000000110000110000100000000000000010000000000000000
0000000000000000000111111001000000000000000000010000000000000000
0000000000000000000101101001011000000000000000010000000000000000
0000000000000000000111011001001100000000000000010000000000000000
0000000000000000000110101111011100000000000000010000000000000000
0000000000000000000111001100010100000000000000010000000000000000
0000000000000000000111000101001000000000000000010000000000000000
0000000000000000000111111110101100000000000000010000000000000000
0000000000000000000111101110010000000000000000010000000000000000
0000000000000000000110110001101000000000000000010000000000000000
0000000000000000000110001001100100000000000000010000000000000000
0000000000000000000110001101111100000000000000010000000000000000
0000000000000000001000000001011100000000000000010000000000000000
0000000000000000000111100010110100000000000000010000000000000000
0000000000000000000111010100110000000000000000010000000000000000
0000000000000000000101011110110100000000000000010000000000000000
0000000000000000000110001111011100000000000000010000000000000000
0000000000000000000110001010110100000000000000010000000000000000
0000000000000000000110100011011100000000000000010000000000000000
0000000000000000000111001110000000000000000000010000000000000000
0000000000000000000111001000101100000000000000010000000000000000
0000000000000000000110010001011000000000000000010000000000000000
0000000000000000000111001001011000000000000000010000000000000000
0000000000000000000111100100111100000000000000010000000000000000
0000000000000000000110011000101000000000000000010000000000000000
0000000000000000000101111100111100000000000000010000000000000000
0000000000000000000101101010011000000000000000010000000000000000
0000000000000000000110010111001100000000000000010000000000000000
0000000000000000000111100100001000000000000000010000000000000000
0000000000000000000111000000011000000000000000010000000000000000
0000000000000000000111010100000000000000000000010000000000000000
0000000000000000000110001010001100000000000000010000000000000000
0000000000000000000111101101100000000000000000010000000000000000
0000000000000000000110010100101100000000000000010000000000000000
0000000000000000000110001100010100000000000000010000000000000000
0000000000000000000110000100111100000000000000010000000000000000
0000000000000000000110000100011000000000000000010000000000000000
0000000000000000000110000010100100000000000000010000000000000000
0000000000000000001000000001100000000000000000010000000000000000
0000000000000000000101111000101100000000000000010000000000000000
0000000000000000000111110000011000000000000000010000000000000000
0000000000000000000111010110101100000000000000010000000000000000
0000000000000000000111001111010000000000000000010000000000000000
0000000000000000000110000110010000000000000000010000000000000000
0000000000000000000110010100111000000000000000010000000000000000
0000000000000000000111011001000100000000000000010000000000000000
0000000000000000000110010001000100000000000000010000000000000000
0000000000000000000111010111111100000000000000010000000000000000
0000000000000000001000000010100100000000000000010000000000000000
0000000000000000000111110110000000000000000000010000000000000000
0000000000000000000110101111100100000000000000010000000000000000
0000000000000000000110000011101000000000000000010000000000000000
0000000000000000000110111011100000000000000000010000000000000000
0000000000000000000110101011011100000000000000010000000000000000
0000000000000000000110100111000000000000000000010000000000000000
0000000000000000000101101111000100000000000000010000000000000000
0000000000000000000110000111110100000000000000010000000000000000
0000000000000000000110011010100000000000000000010000000000000000
0000000000000000000101110110101000000000000000010000000000000000
0000000000000000000101111011010000000000000000010000000000000000
0000000000000000000111111101101000000000000000010000000000000000
0000000000000000000101100101011100000000000000010000000000000000
0000000000000000000110011001000100000000000000010000000000000000
0000000000000000000111111001101000000000000000010000000000000000
0000000000000000000111001100110000000000000000010000000000000000
0000000000000000000101111001111000000000000000010000000000000000
0000000000000000000111100100011000000000000000010000000000000000
0000000000000000000110000001011000000000000000010000000000000000
0000000000000000000110010010110100000000000000010000000000000000
0000000000000000000101101100101100000000000000010000000000000000
0000000000000000000101111110100000000000000000010000000000000000
0000000000000000000110010100011000000000000000010000000000000000
0000000000000000000111101100100100000000000000010000000000000000
0000000000000000000111110011011000000000000000010000000000000000
0000000000000000000110000111011000000000000000010000000000000000
0000000000000000000110101110100100000000000000010000000000000000
0000000000000000000111011000010000000000000000010000000000000000
0000000000000000000111010001101100000000000000010000000000000000
0000000000000000000110111001100000000000000000010000000000000000
0000000000000000000111001100111000000000000000010000000000000000
0000000000000000001000001000100000000000000000010000000000000000
0000000000000000000101100000111000000000000000010000000000000000
0000000000000000000111101010110100000000000000010000000000000000
0000000000000000000110100010111100000000000000010000000000000000
0000000000000000000110111001110000000000000000010000000000000000
0000000000000000000110110001000100000000000000010000000000000000
0000000000000000000111001010011100000000000000010000000000000000
0000000000000000001000000101111100000000000000010000000000000000
0000000000000000000101111001010100000000000000010000000000000000
0000000000000000000110100101111000000000000000010000000000000000
0000000000000000000111011100100000000000000000010000000000000000
0000000000000000000111101010110100000000000000010000000000000000
0000000000000000000111011000100000000000000000010000000000000000
0000000000000000000111000110101000000000000000010000000000000000
0000000000000000000111100111110100000000000000010000000000000000
0000000000000000000111101011000100000000000000010000000000000000
0000000000000000000110001000111100000000000000010000000000000000
0000000000000000000110110101000000000000000000010000000000000000
0000000000000000000101100001111100000000000000010000000000000000
0000000000000000000111100010000000000000000000010000000000000000
0000000000000000000110011111100100000000000000010000000000000000
0000000000000000000110110100011100000000000000010000000000000000
0000000000000000000110011101010100000000000000010000000000000000
0000000000000000000111000000101000000000000000010000000000000000
0000000000000000000110011101100000000000000000010000000000000000
0000000000000000000111010101000000000000000000010000000000000000
0000000000000000000110111100110100000000000000010000000000000000
0000000000000000000110111101011000000000000000010000000000000000
0000000000000000000110111110011000000000000000010000000000000000
0000000000000000000110101010001100000000000000010000000000000000
0000000000000000000110000110101000000000000000010000000000000000
0000000000000000000111110001110000000000000000010000000000000000
0000000000000000000111100111111100000000000000010000000000000000
0000000000000000000101111101010000000000000000010000000000000000
0000000000000000000101100010010000000000000000010000000000000000
0000000000000000000111100001000100000000000000010000000000000000
0000000000000000000111111000100100000000000000010000000000000000
0000000000000000000110010100100000000000000000010000000000000000
0000000000000000000110101010111100000000000000010000000000000000
0000000000000000000110101100011000000000000000010000000000000000
0000000000000000000110110111100100000000000000010000000000000000
0000000000000000000110001010010100000000000000010000000000000000
0000000000000000000111000010101100000000000000010000000000000000
0000000000000000000110001111000000000000000000010000000000000000
0000000000000000000110110010000100000000000000010000000000000000
0000000000000000001000001100100000000000000000010000000000000000
0000000000000000000101110011000100000000000000010000000000000000
0000000000000000000110111111010100000000000000010000000000000000
0000000000000000000110000010111000000000000000010000000000000000
0000000000000000000111111001111000000000000000010000000000000000
0000000000000000000110010110101100000000000000010000000000000000
0000000000000000000110010110111000000000000000010000000000000000
0000000000000000001000010010010100000000000000010000000000000000
0000000000000000000111100111010100000000000000010000000000000000
0000000000000000000111110101001100000000000000010000000000000000
0000000000000000001000000111111000000000000000010000000000000000
0000000000000000000111111111001000000000000000010000000000000000
0000000000000000000111001111100100000000000000010000000000000000
0000000000000000000110000000101000000000000000010000000000000000
0000000000000000000111110110010000000000000000010000000000000000
0000000000000000001000001111100100000000000000010000000000000000
0000000000000000000101100001110000000000000000010000000000000000
0000000000000000000111001101000000000000000000010000000000000000
0000000000000000000111011100101100000000000000010000000000000000
0000000000000000000110010010101000000000000000010000000000000000
0000000000000000000111010100011100000000000000010000000000000000
0000000000000000000111010001111100000000000000010000000000000000
0000000000000000001000001000011100000000000000010000000000000000
0000000000000000000110000010001100000000000000010000000000000000
0000000000000000000110110000111000000000000000010000000000000000
0000000000000000000110011011100100000000000000010000000000000000
0000000000000000000110001001111100000000000000010000000000000000
0000000000000000001000010001100000000000000000010000000000000000
0000000000000000000111011100111100000000000000010000000000000000
0000000000000000000101101110101000000000000000010000000000000000
0000000000000000000111010001100100000000000000010000000000000000
0000000000000000000101111001101100000000000000010000000000000000
0000000000000000000111011001100100000000000000010000000000000000
0000000000000000000101011110100100000000000000010000000000000000
0000000000000000001000000100111100000000000000010000000000000000
0000000000000000000111000000110000000000000000010000000000000000
0000000000000000000111100000001000000000000000010000000000000000
0000000000000000000111011100001100000000000000010000000000000000
0000000000000000000101100111000100000000000000010000000000000000
0000000000000000001000001111010000000000000000010000000000000000
0000000000000000001000000101101100000000000000010000000000000000
0000000000000000000101100110001100000000000000010000000000000000
0000000000000000000111000111111100000000000000010000000000000000
0000000000000000000101101011000100000000000000010000000000000000
0000000000000000000111011101011100000000000000010000000000000000
0000000000000000000111000100000000000000000000010000000000000000
0000000000000000000111101100100000000000000000010000000000000000
0000000000000000000111001100101100000000000000010000000000000000
0000000000000000000101100000110000000000000000010000000000000000
0000000000000000000101111000001000000000000000010000000000000000
0000000000000000000110101000010000000000000000010000000000000000
0000000000000000000101011111100000000000000000010000000000000000
0000000000000000000110110011000100000000000000010000000000000000
0000000000000000000101111101010000000000000000010000000000000000
0000000000000000000110110011101000000000000000010000000000000000
0000000000000000000111011000001000000000000000010000000000000000
0000000000000000000101110110011100000000000000010000000000000000
0000000000000000000110110110111000000000000000010000000000000000
0000000000000000000111010100110100000000000000010000000000000000
0000000000000000000111111001110000000000000000010000000000000000
0000000000000000000110100111001000000000000000010000000000000000
0000000000000000000101111110000100000000000000010000000000000000
0000000000000000000110100100100100000000000000010000000000000000
0000000000000000000111111001101100000000000000010000000000000000
0000000000000000000110001001101000000000000000010000000000000000
0000000000000000000110101100111100000000000000010000000000000000
0000000000000000000101100111011100000000000000010000000000000000
0000000000000000000111111101010100000000000000010000000000000000
0000000000000000000111111110011000000000000000010000000000000000
0000000000000000000110000011111100000000000000010000000000000000
0000000000000000000101111010110000000000000000010000000000000000
0000000000000000001000000011111100000000000000010000000000000000
0000000000000000000110111100101100000000000000010000000000000000
0000000000000000000110100000110000000000000000010000000000000000
0000000000000000000110110100010100000000000000010000000000000000
0000000000000000000111110001110000000000000000010000000000000000
0000000000000000000101110111101000000000000000010000000000000000
0000000000000000000111001111011000000000000000010000000000000000
0000000000000000000111001011001000000000000000010000000000000000
0000000000000000000111001100101000000000000000010000000000000000
0000000000000000000110011010110000000000000000010000000000000000
0000000000000000000111000001000100000000000000010000000000000000
0000000000000000000111010110111100000000000000010000000000000000
0000000000000000000111000001011100000000000000010000000000000000
0000000000000000000111010100000000000000000000010000000000000000
0000000000000000000111101001101000000000000000010000000000000000
0000000000000000000101101110011100000000000000010000000000000000
0000000000000000000111100100001100000000000000010000000000000000
0000000000000000000101100011100100000000000000010000000000000000
0000000000000000000110111110000000000000000000010000000000000000
0000000000000000001000000101010100000000000000010000000000000000
0000000000000000000110100001010100000000000000010000000000000000
0000000000000000000111110000001000000000000000010000000000000000
0000000000000000000111010000100000000000000000010000000000000000
0000000000000000001000001101010000000000000000010000000000000000
0000000000000000000111010100110000000000000000010000000000000000
0000000000000000000110111101110100000000000000010000000000000000
0000000000000000000101111010110000000000000000010000000000000000
0000000000000000000111100001111100000000000000010000000000000000
0000000000000000000111010101101000000000000000010000000000000000
0000000000000000001000010001011000000000000000010000000000000000
0000000000000000000110000010111000000000000000010000000000000000
0000000000000000000111010000011100000000000000010000000000000000
0000000000000000000110011000100100000000000000010000000000000000
0000000000000000000101101101011000000000000000010000000000000000
0000000000000000000110100001000100000000000000010000000000000000
0000000000000000000111100001010000000000000000010000000000000000
0000000000000000000101100100011000000000000000010000000000000000
0000000000000000000110011011111000000000000000010000000000000000
0000000000000000000110000101011000000000000000010000000000000000
0000000000000000000111001110101100000000000000010000000000000000
0000000000000000000111011001011100000000000000010000000000000000
0000000000000000000111011111111100000000000000010000000000000000
0000000000000000000110110100101000000000000000010000000000000000
0000000000000000000111100111111000000000000000010000000000000000
0000000000000000001000001001001100000000000000010000000000000000
0000000000000000000111110110011000000000000000010000000000000000
0000000000000000000111011111010100000000000000010000000000000000
0000000000000000000101111000111000000000000000010000000000000000
0000000000000000000110010010100100000000000000010000000000000000
0000000000000000000110100010011100000000000000010000000000000000
0000000000000000000111010010000000000000000000010000000000000000
0000000000000000000111110111100100000000000000010000000000000000
0000000000000000000111100101110100000000000000010000000000000000
0000000000000000000110010010010100000000000000010000000000000000
0000000000000000000101100101111000000000000000010000000000000000
0000000000000000000101100110101100000000000000010000000000000000
0000000000000000000111101100111000000000000000010000000000000000
0000000000000000000110011000000000000000000000010000000000000000
0000000000000000000110100010110000000000000000010000000000000000
0000000000000000000101101111001100000000000000010000000000000000
0000000000000000000101110111000000000000000000010000000000000000
0000000000000000000111011111011000000000000000010000000000000000
0000000000000000000101111100111000000000000000010000000000000000
0000000000000000000110110011111100000000000000010000000000000000
0000000000000000000101110001000100000000000000010000000000000000
0000000000000000000111010100011100000000000000010000000000000000
0000000000000000000111110001110100000000000000010000000000000000
0000000000000000000110111110111100000000000000010000000000000000
0000000000000000000110100111111000000000000000010000000000000000
0000000000000000000110110010001100000000000000010000000000000000
0000000000000000000111010000011100000000000000010000000000000000
0000000000000000000110011110001000000000000000010000000000000000
0000000000000000000110000010101100000000000000010000000000000000
0000000000000000000101100010101100000000000000010000000000000000
0000000000000000000110110011111100000000000000010000000000000000
0000000000000000000110011101010100000000000000010000000000000000
0000000000000000000111100000100100000000000000010000000000000000
0000000000000000000101100111001000000000000000010000000000000000
0000000000000000000110010001010000000000000000010000000000000000
0000000000000000000110101100010100000000000000010000000000000000
0000000000000000000101111110011000000000000000010000000000000000
0000000000000000000101100101010100000000000000010000000000000000
0000000000000000000110001110100000000000000000010000000000000000
0000000000000000000110010011010000000000000000010000000000000000
0000000000000000000111101001100100000000000000010000000000000000
0000000000000000000111000100111100000000000000010000000000000000
0000000000000000000101111111100000000000000000010000000000000000
0000000000000000000111011000010100000000000000010000000000000000
0000000000000000000111011000111100000000000000010000000000000000
0000000000000000000110001001100000000000000000010000000000000000
0000000000000000000111100100110100000000000000010000000000000000
0000000000000000000111100111010000000000000000010000000000000000
0000000000000000000110011000010100000000000000010000000000000000
0000000000000000000111010000100100000000000000010000000000000000
0000000000000000000110000001011100000000000000010000000000000000
0000000000000000000110100011101000000000000000010000000000000000
0000000000000000000110011101000100000000000000010000000000000000
0000000000000000000111001010011100000000000000010000000000000000
0000000000000000000111001111111000000000000000010000000000000000
0000000000000000000111000010110000000000000000010000000000000000
0000000000000000000110110101000000000000000000010000000000000000
0000000000000000000110100010101100000000000000010000000000000000
0000000000000000000111101000010100000000000000010000000000000000
0000000000000000000101110011101100000000000000010000000000000000
0000000000000000000111100011010000000000000000010000000000000000
0000000000000000000110000011001100000000000000010000000000000000
0000000000000000000110000100101000000000000000010000000000000000
0000000000000000001000001110100000000000000000010000000000000000
0000000000000000000110101010101100000000000000010000000000000000
0000000000000000000110100011100000000000000000010000000000000000
0000000000000000000110000111110000000000000000010000000000000000
0000000000000000000110010100111000000000000000010000000000000000
0000000000000000001000000100101100000000000000010000000000000000
0000000000000000000111010001011100000000000000010000000000000000
0000000000000000000110100001011000000000000000010000000000000000
0000000000000000000111111111010000000000000000010000000000000000
0000000000000000000111001101101000000000000000010000000000000000
0000000000000000000110011111011000000000000000010000000000000000
0000000000000000000110011011100100000000000000010000000000000000
0000000000000000001000000101010000000000000000010000000000000000
0000000000000000000111111010010100000000000000010000000000000000
0000000000000000000110000001001100000000000000010000000000000000
0000000000000000000110100000000100000000000000010000000000000000
0000000000000000000101100010000000000000000000010000000000000000
0000000000000000000111111101101000000000000000010000000000000000
0000000000000000000110110010100100000000000000010000000000000000
0000000000000000001000001000110100000000000000010000000000000000
0000000000000000000110100111000100000000000000010000000000000000
0000000000000000000111100001111100000000000000010000000000000000
0000000000000000000111110001011000000000000000010000000000000000
0000000000000000000110111011001100000000000000010000000000000000
0000000000000000001000010011001000000000000000010000000000000000
0000000000000000001000010000100000000000000000010000000000000000
0000000000000000001000001101110100000000000000010000000000000000
0000000000000000000110010100101100000000000000010000000000000000
0000000000000000000111011010100000000000000000010000000000000000
0000000000000000000110100010110000000000000000010000000000000000
0000000000000000000111110011001100000000000000010000000000000000
0000000000000000000111100010100000000000000000010000000000000000
0000000000000000000111001100001000000000000000010000000000000000
0000000000000000000101100001011000000000000000010000000000000000
0000000000000000000111000011101100000000000000010000000000000000
0000000000000000000110001010110000000000000000010000000000000000
0000000000000000000111001111111100000000000000010000000000000000
0000000000000000000101101100101000000000000000010000000000000000
0000000000000000000111111100001000000000000000010000000000000000
0000000000000000000111100001000000000000000000010000000000000000
0000000000000000000110110110000100000000000000010000000000000000
0000000000000000000111001110101000000000000000010000000000000000
0000000000000000000101110101111100000000000000010000000000000000
0000000000000000000101100100111000000000000000010000000000000000
0000000000000000000110110011010100000000000000010000000000000000
0000000000000000001000000110000100000000000000010000000000000000
0000000000000000000110000101110000000000000000010000000000000000
0000000000000000000111000010100000000000000000010000000000000000
0000000000000000000101101101010000000000000000010000000000000000
0000000000000000000110000101111100000000000000010000000000000000
0000000000000000000111011010100000000000000000010000000000000000
0000000000000000000110001101011000000000000000010000000000000000
0000000000000000000110011110110000000000000000010000000000000000
0000000000000000000101111111111100000000000000010000000000000000
0000000000000000000110011011010000000000000000010000000000000000
0000000000000000000111000110001000000000000000010000000000000000
0000000000000000000111011101100100000000000000010000000000000000
0000000000000000000110100100110100000000000000010000000000000000
0000000000000000000110101101000000000000000000010000000000000000
0000000000000000000110001010000100000000000000010000000000000000
0000000000000000000110111000000100000000000000010000000000000000
0000000000000000000110010001100100000000000000010000000000000000
0000000000000000000110111101000000000000000000010000000000000000
0000000000000000000101100110101000000000000000010000000000000000
0000000000000000000101101010111100000000000000010000000000000000
0000000000000000000111110000101100000000000000010000000000000000
0000000000000000001000001100101100000000000000010000000000000000
0000000000000000000101101010000100000000000000010000000000000000
0000000000000000000110001000010000000000000000010000000000000000
0000000000000000000111010010100100000000000000010000000000000000
0000000000000000000110000110010000000000000000010000000000000000
0000000000000000000111010111010000000000000000010000000000000000
0000000000000000000101100100101000000000000000010000000000000000
