0000000000000000000101100101010000000000000010110000000000000000
0000000000000000000111011111001100000000000010110000000000000000
0000000000000000000110111011111000000000000010110000000000000000
0000000000000000001000000101001100000000000010110000000000000000
0000000000000000000111110101000100000000000010110000000000000000
0000000000000000000101111010000000000000000010110000000000000000
0000000000000000000110111101100100000000000010110000000000000000
0000000000000000000111111111101100000000000010110000000000000000
0000000000000000000110010110011000000000000010110000000000000000
0000000000000000000111101010001100000000000010110000000000000000
0000000000000000000111111000100100000000000010110000000000000000
0000000000000000000111100001010100000000000010110000000000000000
0000000000000000000101100000011000000000000010110000000000000000
0000000000000000000000000000000000000000000010110000000000000000
0000000000000000000111110100001000000000000010110000000000000000
0000000000000000000111010010001100000000000010110000000000000000
0000000000000000000110111011101000000000000010110000000000000000
0000000000000000000000000000000000000000000010110000000000000000
0000000000000000000101101100101000000000000010110000000000000000
0000000000000000000111100010100100000000000010110000000000000000
0000000000000000000000000000000000000000000010110000000000000000
0000000000000000000110011111001100000000000010110000000000000000
0000000000000000000111101000101000000000000010110000000000000000
0000000000000000000111111000000000000000000010110000000000000000
0000000000000000000000000000000000000000000010110000000000000000
0000000000000000000000000000000000000000000010110000000000000000
0000000000000000000111000101111000000000000010110000000000000000
0000000000000000000110001011111100000000000010110000000000000000
0000000000000000000111101111000100000000000010110000000000000000
0000000000000000000111001100011000000000000010110000000000000000
0000000000000000001000000010111000000000000010110000000000000000
0000000000000000000000000000000000000000000010110000000000000000
0000000000000000001000000011001000000000000010110000000000000000
0000000000000000000110010110101100000000000010110000000000000000
0000000000000000000111011001111100000000000010110000000000000000
0000000000000000000110001010000100000000000010110000000000000000
0000000000000000000000000000000000000000000010110000000000000000
0000000000000000000000000000000000000000000010110000000000000000
0000000000000000001000000000110100000000000010110000000000000000
0000000000000000000110001001011000000000000010110000000000000000
0000000000000000001000001110001000000000000010110000000000000000
0000000000000000000000000000000000000000000010110000000000000000
0000000000000000000111110011111000000000000010110000000000000000
0000000000000000000111101001000000000000000010110000000000000000
0000000000000000000111010101100000000000000010110000000000000000
0000000000000000000110110111010000000000000010110000000000000000
0000000000000000000111010110001100000000000010110000000000000000
0000000000000000000000000000000000000000000010110000000000000000
0000000000000000000000000000000000000000000010110000000000000000
0000000000000000000000000000000000000000000010110000000000000000
0000000000000000000101111000000100000000000010110000000000000000
0000000000000000000000000000000000000000000010110000000000000000
0000000000000000000101111011101100000000000010110000000000000000
0000000000000000000110111110101000000000000010110000000000000000
0000000000000000000101111111101100000000000010110000000000000000
0000000000000000000110101010010100000000000010110000000000000000
0000000000000000000101110000101100000000000010110000000000000000
0000000000000000000110111001000100000000000010110000000000000000
0000000000000000000000000000000000000000000010110000000000000000
0000000000000000000000000000000000000000000010110000000000000000
0000000000000000000111110101100100000000000010110000000000000000
0000000000000000000101110110011100000000000010110000000000000000
0000000000000000000101110001101100000000000010110000000000000000
0000000000000000000110010100100100000000000010110000000000000000
0000000000000000000000000000000000000000000010110000000000000000
0000000000000000000000000000000000000000000010110000000000000000
0000000000000000000110011110111100000000000010110000000000000000
0000000000000000000111001010100100000000000010110000000000000000
0000000000000000000000000000000000000000000010110000000000000000
0000000000000000000110011111010100000000000010110000000000000000
0000000000000000000111001011001100000000000010110000000000000000
0000000000000000000101110110101000000000000010110000000000000000
0000000000000000000101110100001100000000000010110000000000000000
0000000000000000000110111001001000000000000010110000000000000000
0000000000000000000111010111011100000000000010110000000000000000
0000000000000000000101100001000100000000000010110000000000000000
0000000000000000000111100000011000000000000010110000000000000000
0000000000000000000110010110000000000000000010110000000000000000
0000000000000000000110011101000000000000000010110000000000000000
0000000000000000000101110000111000000000000010110000000000000000
0000000000000000000000000000000000000000000010110000000000000000
0000000000000000000110110101101000000000000010110000000000000000
0000000000000000000000000000000000000000000010110000000000000000
0000000000000000000101100101010100000000000010110000000000000000
0000000000000000000000000000000000000000000010110000000000000000
0000000000000000001000001101011100000000000010110000000000000000
0000000000000000000110010110011000000000000010110000000000000000
0000000000000000000000000000000000000000000010110000000000000000
0000000000000000000110100110011100000000000010110000000000000000
0000000000000000000110010000011000000000000010110000000000000000
0000000000000000000101110001100100000000000010110000000000000000
0000000000000000000000000000000000000000000010110000000000000000
0000000000000000000000000000000000000000000010110000000000000000
0000000000000000000101111010011100000000000010110000000000000000
0000000000000000000111111001111000000000000010110000000000000000
0000000000000000000000000000000000000000000010110000000000000000
0000000000000000000000000000000000000000000010110000000000000000
0000000000000000000000000000000000000000000010110000000000000000
0000000000000000000111010100111000000000000010110000000000000000
0000000000000000000111111001001000000000000010110000000000000000
0000000000000000000110010111010000000000000010110000000000000000
0000000000000000000000000000000000000000000010110000000000000000
0000000000000000000000000000000000000000000010110000000000000000
0000000000000000000110010011011100000000000010110000000000000000
0000000000000000000111100001100100000000000010110000000000000000
0000000000000000000000000000000000000000000010110000000000000000
0000000000000000000111000110001100000000000010110000000000000000
0000000000000000000000000000000000000000000010110000000000000000
0000000000000000000101110111110000000000000010110000000000000000
0000000000000000000101110101010100000000000010110000000000000000
0000000000000000000110001001001000000000000010110000000000000000
0000000000000000000000000000000000000000000010110000000000000000
0000000000000000000000000000000000000000000010110000000000000000
0000000000000000000110110000010100000000000010110000000000000000
0000000000000000000000000000000000000000000010110000000000000000
0000000000000000000111111101010000000000000010110000000000000000
0000000000000000000111001100000100000000000010110000000000000000
0000000000000000001000000010101000000000000010110000000000000000
0000000000000000001000001101000000000000000010110000000000000000
0000000000000000000110100010011100000000000010110000000000000000
0000000000000000001000000000001000000000000010110000000000000000
0000000000000000000101100110111000000000000010110000000000000000
0000000000000000000000000000000000000000000010110000000000000000
0000000000000000000110111011111000000000000010110000000000000000
0000000000000000000000000000000000000000000010110000000000000000
0000000000000000000000000000000000000000000010110000000000000000
0000000000000000000110111101110000000000000010110000000000000000
0000000000000000000111111110111000000000000010110000000000000000
0000000000000000000111101011000000000000000010110000000000000000
0000000000000000000000000000000000000000000010110000000000000000
0000000000000000000000000000000000000000000010110000000000000000
0000000000000000000111100101100100000000000010110000000000000000
0000000000000000000000000000000000000000000010110000000000000000
0000000000000000000110010011101100000000000010110000000000000000
0000000000000000000110010010010100000000000010110000000000000000
0000000000000000000110001110001100000000000010110000000000000000
0000000000000000000110001011111000000000000010110000000000000000
0000000000000000000110000011000000000000000010110000000000000000
0000000000000000000111101110100000000000000010110000000000000000
0000000000000000000110101110011100000000000010110000000000000000
0000000000000000000000000000000000000000000010110000000000000000
0000000000000000000110000000000100000000000010110000000000000000
0000000000000000000101111100100000000000000010110000000000000000
0000000000000000000111000110101000000000000010110000000000000000
0000000000000000000111010001111000000000000010110000000000000000
0000000000000000000000000000000000000000000010110000000000000000
0000000000000000000000000000000000000000000010110000000000000000
0000000000000000000000000000000000000000000010110000000000000000
0000000000000000000000000000000000000000000010110000000000000000
0000000000000000000000000000000000000000000010110000000000000000
0000000000000000000101110010111000000000000010110000000000000000
0000000000000000000110011010001000000000000010110000000000000000
0000000000000000000000000000000000000000000010110000000000000000
0000000000000000001000000101110000000000000010110000000000000000
0000000000000000001000001101101000000000000010110000000000000000
0000000000000000000101101100001000000000000010110000000000000000
0000000000000000000110010101011000000000000010110000000000000000
0000000000000000000000000000000000000000000010110000000000000000
0000000000000000000110001001010100000000000010110000000000000000
0000000000000000001000010001110000000000000010110000000000000000
0000000000000000001000000000000000000000000010110000000000000000
0000000000000000000110000110001000000000000010110000000000000000
0000000000000000000000000000000000000000000010110000000000000000
0000000000000000000000000000000000000000000010110000000000000000
0000000000000000000111110010011000000000000010110000000000000000
0000000000000000000101110110111100000000000010110000000000000000
0000000000000000000111000111001000000000000010110000000000000000
0000000000000000001000000101010000000000000010110000000000000000
0000000000000000000111100001100000000000000010110000000000000000
0000000000000000000110010110010000000000000010110000000000000000
0000000000000000000110010111000100000000000010110000000000000000
0000000000000000000101111101100000000000000010110000000000000000
0000000000000000000110110011101100000000000010110000000000000000
0000000000000000000000000000000000000000000010110000000000000000
0000000000000000000110101111101000000000000010110000000000000000
0000000000000000000000000000000000000000000010110000000000000000
0000000000000000000101011110100000000000000010110000000000000000
0000000000000000000111111010011000000000000010110000000000000000
0000000000000000000000000000000000000000000010110000000000000000
0000000000000000001000000011100100000000000010110000000000000000
0000000000000000000111001000100000000000000010110000000000000000
0000000000000000000110111111011000000000000010110000000000000000
0000000000000000000110100001110000000000000010110000000000000000
0000000000000000000110100101100100000000000010110000000000000000
0000000000000000000101111001101100000000000010110000000000000000
0000000000000000000110100001100000000000000010110000000000000000
0000000000000000000110011100001100000000000010110000000000000000
0000000000000000000110010100010000000000000010110000000000000000
0000000000000000000111111001110000000000000010110000000000000000
0000000000000000000110010000010000000000000010110000000000000000
0000000000000000000000000000000000000000000010110000000000000000
0000000000000000000000000000000000000000000010110000000000000000
0000000000000000000000000000000000000000000010110000000000000000
0000000000000000000111100011111100000000000010110000000000000000
0000000000000000001000001111001000000000000010110000000000000000
0000000000000000000110110010001100000000000010110000000000000000
0000000000000000000110111011010000000000000010110000000000000000
0000000000000000000110100100011000000000000010110000000000000000
0000000000000000000000000000000000000000000010110000000000000000
0000000000000000000000000000000000000000000010110000000000000000
0000000000000000000111111010001000000000000010110000000000000000
0000000000000000000111011111101000000000000010110000000000000000
0000000000000000000110101011110100000000000010110000000000000000
0000000000000000000110101101001100000000000010110000000000000000
0000000000000000000111110011111100000000000010110000000000000000
0000000000000000001000000110010100000000000010110000000000000000
0000000000000000000111100101111000000000000010110000000000000000
0000000000000000000110011001100000000000000010110000000000000000
0000000000000000000110111110100000000000000010110000000000000000
0000000000000000000111011000111100000000000010110000000000000000
0000000000000000000000000000000000000000000010110000000000000000
0000000000000000000000000000000000000000000010110000000000000000
0000000000000000000000000000000000000000000010110000000000000000
0000000000000000000111001000010100000000000010110000000000000000
0000000000000000000110000010100000000000000010110000000000000000
0000000000000000000111000100101100000000000010110000000000000000
0000000000000000000000000000000000000000000010110000000000000000
0000000000000000001000000011101000000000000010110000000000000000
0000000000000000000000000000000000000000000010110000000000000000
0000000000000000000000000000000000000000000010110000000000000000
0000000000000000000110111101001000000000000010110000000000000000
0000000000000000000111000100011000000000000010110000000000000000
0000000000000000000000000000000000000000000010110000000000000000
0000000000000000000101100110010100000000000010110000000000000000
0000000000000000000000000000000000000000000010110000000000000000
0000000000000000000110001000001000000000000010110000000000000000
0000000000000000000101100010101100000000000010110000000000000000
0000000000000000000000000000000000000000000010110000000000000000
0000000000000000000101111001111000000000000010110000000000000000
0000000000000000000101100100011000000000000010110000000000000000
0000000000000000000110110101010100000000000010110000000000000000
0000000000000000000110010101100100000000000010110000000000000000
0000000000000000000111001010100000000000000010110000000000000000
0000000000000000000111010001101000000000000010110000000000000000
0000000000000000000110000101111000000000000010110000000000000000
0000000000000000000111001011111100000000000010110000000000000000
0000000000000000000110010110100100000000000010110000000000000000
0000000000000000000111001001101000000000000010110000000000000000
0000000000000000000111011100100000000000000010110000000000000000
0000000000000000000110111000000000000000000010110000000000000000
0000000000000000000000000000000000000000000010110000000000000000
0000000000000000000110011011110000000000000010110000000000000000
0000000000000000000110000000101000000000000010110000000000000000
0000000000000000000101111110000000000000000010110000000000000000
0000000000000000000110010101011000000000000010110000000000000000
0000000000000000000000000000000000000000000010110000000000000000
0000000000000000000110011101011000000000000010110000000000000000
0000000000000000000000000000000000000000000010110000000000000000
0000000000000000000000000000000000000000000010110000000000000000
0000000000000000000000000000000000000000000010110000000000000000
0000000000000000000111100100100100000000000010110000000000000000
0000000000000000000000000000000000000000000010110000000000000000
0000000000000000000111011100010100000000000010110000000000000000
0000000000000000000111001110000000000000000010110000000000000000
0000000000000000000111010100110000000000000010110000000000000000
0000000000000000000110001110010100000000000010110000000000000000
0000000000000000000110000100100000000000000010110000000000000000
0000000000000000000101110001010100000000000010110000000000000000
0000000000000000000111000100010100000000000010110000000000000000
0000000000000000000000000000000000000000000010110000000000000000
0000000000000000000110001110100000000000000010110000000000000000
0000000000000000000111110111110000000000000010110000000000000000
0000000000000000000000000000000000000000000010110000000000000000
0000000000000000000110101111110100000000000010110000000000000000
0000000000000000000110010011000100000000000010110000000000000000
0000000000000000000000000000000000000000000010110000000000000000
0000000000000000000111100011100000000000000010110000000000000000
0000000000000000000101101101001000000000000010110000000000000000
0000000000000000000101101010011100000000000010110000000000000000
0000000000000000000111010110101000000000000010110000000000000000
0000000000000000000111101100100100000000000010110000000000000000
0000000000000000000110010101011100000000000010110000000000000000
0000000000000000000101110000101100000000000010110000000000000000
0000000000000000000101100110111000000000000010110000000000000000
0000000000000000000110111000010000000000000010110000000000000000
0000000000000000000111101111000000000000000010110000000000000000
0000000000000000000110000011101000000000000010110000000000000000
0000000000000000000000000000000000000000000010110000000000000000
0000000000000000001000001101111000000000000010110000000000000000
0000000000000000000110101110100100000000000010110000000000000000
0000000000000000000111100110000100000000000010110000000000000000
0000000000000000000111111010001000000000000010110000000000000000
0000000000000000000111011011111100000000000010110000000000000000
0000000000000000001000000010110100000000000010110000000000000000
0000000000000000001000001100110100000000000010110000000000000000
0000000000000000000110100110101100000000000010110000000000000000
0000000000000000000110110110000000000000000010110000000000000000
0000000000000000000101110101110000000000000010110000000000000000
0000000000000000000000000000000000000000000010110000000000000000
0000000000000000000110101010111000000000000010110000000000000000
0000000000000000000111000100111000000000000010110000000000000000
0000000000000000000000000000000000000000000010110000000000000000
0000000000000000000111010101000100000000000010110000000000000000
0000000000000000000110111000010100000000000010110000000000000000
0000000000000000000000000000000000000000000010110000000000000000
0000000000000000000111011111000000000000000010110000000000000000
0000000000000000000110101100111000000000000010110000000000000000
0000000000000000000101111101011000000000000010110000000000000000
0000000000000000000101110110110100000000000010110000000000000000
0000000000000000000110011010111100000000000010110000000000000000
0000000000000000000101110111000000000000000010110000000000000000
0000000000000000000111110100110100000000000010110000000000000000
0000000000000000000000000000000000000000000010110000000000000000
0000000000000000000111100101101000000000000010110000000000000000
0000000000000000000111010000001100000000000010110000000000000000
0000000000000000000101101000110100000000000010110000000000000000
0000000000000000000101101110000000000000000010110000000000000000
0000000000000000000111010101010100000000000010110000000000000000
0000000000000000000111110000100100000000000010110000000000000000
0000000000000000001000001100111100000000000010110000000000000000
0000000000000000000101101100011000000000000010110000000000000000
0000000000000000000110010000100000000000000010110000000000000000
0000000000000000000000000000000000000000000010110000000000000000
0000000000000000000000000000000000000000000010110000000000000000
0000000000000000000101110001110000000000000010110000000000000000
0000000000000000000110010101111100000000000010110000000000000000
0000000000000000000000000000000000000000000010110000000000000000
0000000000000000000101100001011000000000000010110000000000000000
0000000000000000000111101011001100000000000010110000000000000000
0000000000000000000000000000000000000000000010110000000000000000
0000000000000000000110110110011100000000000010110000000000000000
0000000000000000000000000000000000000000000010110000000000000000
0000000000000000000111001011011000000000000010110000000000000000
0000000000000000000110111101011000000000000010110000000000000000
0000000000000000000111010111100100000000000010110000000000000000
0000000000000000000101111010101000000000000010110000000000000000
0000000000000000000111011011010000000000000010110000000000000000
0000000000000000000110110001101100000000000010110000000000000000
0000000000000000000110110110100000000000000010110000000000000000
0000000000000000000000000000000000000000000010110000000000000000
0000000000000000000111101010001000000000000010110000000000000000
0000000000000000000110010010110000000000000010110000000000000000
0000000000000000000110111001010000000000000010110000000000000000
0000000000000000000111001111010100000000000010110000000000000000
0000000000000000000111001101000100000000000010110000000000000000
0000000000000000000110011010000000000000000010110000000000000000
0000000000000000000111100110000100000000000010110000000000000000
0000000000000000000111011011000000000000000010110000000000000000
0000000000000000000000000000000000000000000010110000000000000000
0000000000000000000000000000000000000000000010110000000000000000
0000000000000000000000000000000000000000000010110000000000000000
0000000000000000000111101010110100000000000010110000000000000000
0000000000000000000000000000000000000000000010110000000000000000
0000000000000000000101101101001100000000000010110000000000000000
0000000000000000000101101000101000000000000010110000000000000000
0000000000000000001000001100101100000000000010110000000000000000
0000000000000000001000001110101000000000000010110000000000000000
0000000000000000000111000000101000000000000010110000000000000000
0000000000000000000000000000000000000000000010110000000000000000
0000000000000000001000000001100100000000000010110000000000000000
0000000000000000000000000000000000000000000010110000000000000000
0000000000000000000110111100111000000000000010110000000000000000
0000000000000000000101101101110000000000000010110000000000000000
0000000000000000000111100110111100000000000010110000000000000000
0000000000000000000000000000000000000000000010110000000000000000
0000000000000000000111001000001000000000000010110000000000000000
0000000000000000000110011111010000000000000010110000000000000000
0000000000000000000110001010100000000000000010110000000000000000
0000000000000000000101110001010100000000000010110000000000000000
0000000000000000001000010001011100000000000010110000000000000000
0000000000000000000101101101100000000000000010110000000000000000
0000000000000000000110101001001000000000000010110000000000000000
0000000000000000000000000000000000000000000010110000000000000000
0000000000000000000110101110110100000000000010110000000000000000
0000000000000000000000000000000000000000000010110000000000000000
0000000000000000000000000000000000000000000010110000000000000000
0000000000000000000111011001010000000000000010110000000000000000
0000000000000000000111001100001000000000000010110000000000000000
0000000000000000000000000000000000000000000010110000000000000000
0000000000000000000000000000000000000000000010110000000000000000
0000000000000000000000000000000000000000000010110000000000000000
0000000000000000000110011110000100000000000010110000000000000000
0000000000000000000110011001010100000000000010110000000000000000
0000000000000000000101111110101100000000000010110000000000000000
0000000000000000000101110111100100000000000010110000000000000000
0000000000000000000101110101001100000000000010110000000000000000
0000000000000000000110000100011000000000000010110000000000000000
0000000000000000000101101011100000000000000010110000000000000000
0000000000000000000101100001000100000000000010110000000000000000
0000000000000000000000000000000000000000000010110000000000000000
0000000000000000000000000000000000000000000010110000000000000000
0000000000000000000110010111110100000000000010110000000000000000
0000000000000000001000000111010000000000000010110000000000000000
0000000000000000000101110010010000000000000010110000000000000000
0000000000000000000101111110010100000000000010110000000000000000
0000000000000000000110110011111100000000000010110000000000000000
0000000000000000001000001010101000000000000010110000000000000000
0000000000000000000110010011001100000000000010110000000000000000
0000000000000000000111001101110100000000000010110000000000000000
0000000000000000000110111100110100000000000010110000000000000000
0000000000000000000000000000000000000000000010110000000000000000
0000000000000000000110100001011100000000000010110000000000000000
0000000000000000000110110001001100000000000010110000000000000000
0000000000000000000110110111001000000000000010110000000000000000
0000000000000000000000000000000000000000000010110000000000000000
0000000000000000000110010100111100000000000010110000000000000000
0000000000000000000110100111010000000000000010110000000000000000
0000000000000000000101101000000100000000000010110000000000000000
0000000000000000000110010101100000000000000010110000000000000000
0000000000000000000101110111111000000000000010110000000000000000
0000000000000000000000000000000000000000000010110000000000000000
0000000000000000000101100111111100000000000010110000000000000000
0000000000000000000111100001111100000000000010110000000000000000
0000000000000000000111101110100100000000000010110000000000000000
0000000000000000000000000000000000000000000010110000000000000000
0000000000000000000000000000000000000000000010110000000000000000
0000000000000000000110001001010000000000000010110000000000000000
0000000000000000000110000110101000000000000010110000000000000000
0000000000000000001000000101100000000000000010110000000000000000
0000000000000000000101111100110100000000000010110000000000000000
0000000000000000000110001111011000000000000010110000000000000000
0000000000000000000111010101010000000000000010110000000000000000
0000000000000000000101110101111100000000000010110000000000000000
0000000000000000000101110111101000000000000010110000000000000000
0000000000000000000101101100110100000000000010110000000000000000
0000000000000000000000000000000000000000000010110000000000000000
0000000000000000001000001011001100000000000010110000000000000000
0000000000000000000110100110011100000000000010110000000000000000
0000000000000000001000000001110000000000000010110000000000000000
0000000000000000000111111110111100000000000010110000000000000000
0000000000000000000000000000000000000000000010110000000000000000
0000000000000000000000000000000000000000000010110000000000000000
0000000000000000000101110010101100000000000010110000000000000000
0000000000000000000111001100001100000000000010110000000000000000
0000000000000000000111000110101000000000000010110000000000000000
0000000000000000000110101110010100000000000010110000000000000000
0000000000000000000101101001110100000000000010110000000000000000
0000000000000000000110000011100100000000000010110000000000000000
0000000000000000000000000000000000000000000010110000000000000000
0000000000000000000111101101001000000000000010110000000000000000
0000000000000000000000000000000000000000000010110000000000000000
0000000000000000000111010100001000000000000010110000000000000000
0000000000000000000111111110001000000000000010110000000000000000
0000000000000000000111101001000000000000000010110000000000000000
0000000000000000000000000000000000000000000010110000000000000000
0000000000000000001000001011111000000000000010110000000000000000
0000000000000000000000000000000000000000000010110000000000000000
0000000000000000000110110110101000000000000010110000000000000000
0000000000000000000110100111010000000000000010110000000000000000
0000000000000000000111101010110100000000000010110000000000000000
0000000000000000000111011011001100000000000010110000000000000000
0000000000000000001000000010101100000000000010110000000000000000
0000000000000000000000000000000000000000000010110000000000000000
0000000000000000000110000010001100000000000010110000000000000000
0000000000000000001000000110110100000000000010110000000000000000
0000000000000000000110110011110100000000000010110000000000000000
0000000000000000000110000111010000000000000010110000000000000000
0000000000000000000111011001011100000000000010110000000000000000
0000000000000000001000001101000000000000000010110000000000000000
0000000000000000000101011111111000000000000010110000000000000000
0000000000000000000111001111110100000000000010110000000000000000
0000000000000000000101101011001100000000000010110000000000000000
0000000000000000000000000000000000000000000010110000000000000000
0000000000000000000000000000000000000000000010110000000000000000
0000000000000000000110010101011100000000000010110000000000000000
0000000000000000000111110100001100000000000010110000000000000000
0000000000000000000110101101011100000000000010110000000000000000
0000000000000000000000000000000000000000000010110000000000000000
0000000000000000000110000011100000000000000010110000000000000000
0000000000000000001000000100100100000000000010110000000000000000
0000000000000000000000000000000000000000000010110000000000000000
0000000000000000001000010001001100000000000010110000000000000000
0000000000000000000110010111000100000000000010110000000000000000
0000000000000000000000000000000000000000000010110000000000000000
0000000000000000000110001010001100000000000010110000000000000000
0000000000000000000000000000000000000000000010110000000000000000
0000000000000000000000000000000000000000000010110000000000000000
0000000000000000000000000000000000000000000010110000000000000000
0000000000000000000000000000000000000000000010110000000000000000
0000000000000000000111111010111000000000000010110000000000000000
0000000000000000000101100011100000000000000010110000000000000000
0000000000000000000111110110110100000000000010110000000000000000
0000000000000000000000000000000000000000000010110000000000000000
0000000000000000000110011000001000000000000010110000000000000000
0000000000000000000101111011001100000000000010110000000000000000
0000000000000000000000000000000000000000000010110000000000000000
0000000000000000000000000000000000000000000010110000000000000000
0000000000000000000101111001100100000000000010110000000000000000
0000000000000000000000000000000000000000000010110000000000000000
0000000000000000001000000101111000000000000010110000000000000000
0000000000000000000110000000100000000000000010110000000000000000
0000000000000000000101100000100000000000000010110000000000000000
0000000000000000000000000000000000000000000010110000000000000000
0000000000000000000111011111000000000000000010110000000000000000
0000000000000000000101110010000000000000000010110000000000000000
0000000000000000000111011011101100000000000010110000000000000000
0000000000000000000110000001011000000000000010110000000000000000
0000000000000000000110101001001100000000000010110000000000000000
0000000000000000000000000000000000000000000010110000000000000000
0000000000000000000000000000000000000000000010110000000000000000
0000000000000000000110110100010100000000000010110000000000000000
0000000000000000000110100101111000000000000010110000000000000000
0000000000000000000111100010110000000000000010110000000000000000
0000000000000000000000000000000000000000000010110000000000000000
0000000000000000000111100010011100000000000010110000000000000000
0000000000000000000000000000000000000000000010110000000000000000
0000000000000000000101101011010000000000000010110000000000000000
0000000000000000000110010000110100000000000010110000000000000000
0000000000000000000101111000010100000000000010110000000000000000
0000000000000000000110001110000000000000000010110000000000000000
